1;2.49961040621;48.8639959388;6;1;605;852;3;8;11;
2;2.49977706824;48.8650938211;1;1;
6;2.49810836399;48.8642684425;1;3;
7;2.50328738802;48.8643530022;1;4;
8;2.50263219496;48.8630192684;4;4;5;10;19;
10;2.50111432732;48.8635255708;4;5;7;664;851;
11;2.48158743003;48.8656369541;1;6;
12;2.48236756109;48.8639495836;3;6;749;710;
13;2.50067262662;48.8626783551;4;7;8;23;676;
17;2.50442323456;48.8624511248;4;9;10;22;827;
18;2.50502377357;48.86380261;1;9;
22;2.49856315305;48.8623367815;4;11;12;34;20;
24;2.49605113039;48.8627489171;3;12;818;877;
27;2.49289260488;48.8623578547;3;14;15;818;
28;2.49202400154;48.863370419;1;14;
29;2.49262175495;48.8621768398;3;15;27;820;
33;2.51089999129;48.8622169627;3;17;31;59;
34;2.51191828619;48.8626438067;1;17;
38;2.50217778909;48.8620730784;3;19;29;30;
39;2.49939674828;48.8621154377;3;20;24;57;
43;2.50400986195;48.8614871246;4;22;29;69;828;
45;2.50028485628;48.8618943158;4;23;24;72;816;
51;2.5069523939;48.8631000979;1;26;
52;2.50631007097;48.8618383828;4;26;37;49;827;
53;2.49299361658;48.8617827083;1;27;
60;2.50174893916;48.8613068593;6;30;82;676;813;816;84;
61;2.50916390102;48.8613015276;4;31;52;33;35;
65;2.50912647361;48.8623805749;1;33;
68;2.49781131124;48.8611465069;3;34;58;43;
70;2.50856630967;48.8610742414;6;35;36;37;53;91;815;
72;2.50711587228;48.8631097646;1;36;
75;2.48981108332;48.8610677012;4;38;40;719;774;
76;2.49077650943;48.8613056404;3;38;820;47;
80;2.48901857658;48.8626561438;1;40;
85;2.49720656382;48.8602536252;3;43;221;784;
89;2.4854366496;48.8609770254;2;45;715;
90;2.48517626329;48.8611197994;2;45;613;
93;2.49101260896;48.8608569769;2;47;545;
98;2.50580083385;48.8609189596;3;49;50;78;
100;2.50519916195;48.8611233205;2;50;828;
103;2.50919471889;48.8609239334;4;52;53;62;77;
107;2.48814872081;48.8624006129;1;54;
108;2.48879079438;48.8608654933;3;54;55;719;
109;2.48845102359;48.8607651144;2;55;547;
113;2.49878257197;48.8607818511;3;57;58;74;
117;2.50980957942;48.8607645732;3;59;62;65;
125;2.49111021276;48.8606325579;3;63;545;615;
126;2.4921715705;48.8608169337;1;63;
129;2.51121596775;48.8605005252;3;65;67;86;
133;2.51144775551;48.8604924783;2;67;70;
137;2.50358330346;48.8604781006;4;69;79;813;814;
139;2.51217121959;48.8603785161;3;70;75;87;
143;2.49980911448;48.8603364783;4;72;74;80;83;
149;2.51273087355;48.8602908626;1;75;
153;2.50891697145;48.8600234588;3;77;122;124;
156;2.50533318621;48.8599277585;6;78;79;99;108;113;815;
159;2.49965022353;48.8598501725;1;80;
164;2.50106759831;48.8598650836;3;82;83;93;
167;2.50324325342;48.8589747982;6;84;93;99;115;116;814;
172;2.51100608131;48.8596273125;3;86;100;89;
173;2.51209137912;48.8601713435;2;87;88;
175;2.51185186151;48.8595498253;3;88;89;101;
181;2.50828390415;48.8606683807;2;91;92;
183;2.5072735022;48.8594141484;3;92;97;106;
187;2.4954854095;48.8578271642;3;94;551;553;
188;2.49935538818;48.8593273242;3;94;783;96;
191;2.50005307099;48.85906044;3;96;118;137;
193;2.50803954664;48.8591205191;1;97;
200;2.51080805787;48.8589430078;3;100;110;102;
201;2.51170842828;48.8588567514;4;101;102;104;119;
207;2.51228178002;48.8587601625;1;104;
211;2.50659918984;48.8586559274;5;106;107;109;121;123;
213;2.50628290777;48.858951404;2;107;108;
217;2.50594652683;48.858491354;3;109;111;128;
220;2.51065008208;48.8583487998;3;110;120;136;
221;2.50491268215;48.8582802337;5;111;112;114;140;611;
223;2.50497749502;48.8586312433;2;112;113;
227;2.5044474991;48.8584671691;2;114;115;
231;2.5020097864;48.8582591952;5;116;118;142;146;752;
237;2.51152335305;48.8582444473;3;119;120;127;
242;2.50701274367;48.8581629965;3;121;128;139;
243;2.50821201063;48.8581769244;3;122;123;126;
247;2.50879992295;48.8579814849;3;124;131;126;
253;2.5114990461;48.8579295801;3;127;129;135;
257;2.51252289952;48.8577538879;1;129;
261;2.50938791555;48.8577770495;2;131;134;
263;2.50968842835;48.8577063342;3;132;162;134;
264;2.50969147872;48.8588305178;1;132;
269;2.51131262706;48.8574611636;3;135;136;148;
273;2.49574862324;48.8573875978;3;137;553;744;
278;2.50783838377;48.8573300112;3;139;144;714;
279;2.50445836173;48.8573250553;5;140;142;238;555;557;
287;2.50827654166;48.8571159714;2;144;154;
289;2.50151695611;48.8570610238;4;145;146;147;168;
290;2.50315154309;48.8571577557;3;145;555;559;
293;2.49971779492;48.8570715023;4;147;160;750;169;
295;2.51169827948;48.8570310559;3;148;157;159;
299;2.50765123497;48.856942526;3;150;152;181;
300;2.50690063641;48.8570473559;4;150;660;662;184;
303;2.50797874787;48.8568989062;3;152;155;714;
307;2.50840200022;48.8568197053;4;154;178;155;163;
313;2.5104349504;48.8565852184;4;157;162;163;175;
317;2.51193148381;48.8568701265;3;159;172;174;
319;2.49910692401;48.856817132;3;160;165;167;
329;2.49859111287;48.8565991305;3;165;170;757;
334;2.49930031752;48.8565481397;3;167;572;695;
336;2.5007766834;48.8560866518;5;168;169;565;729;570;
339;2.49754700247;48.8560461539;3;170;567;568;
343;2.5137304677;48.8568774504;1;172;
347;2.5127995919;48.8558574119;2;174;177;
350;2.5110836795;48.8557155124;3;175;188;592;
351;2.5131162384;48.8555169519;3;176;177;603;
352;2.51417723436;48.8557371056;1;176;
356;2.50971026156;48.8553861309;4;178;191;592;179;
357;2.50885346054;48.8551937559;4;179;182;181;197;
363;2.50818720559;48.8550291383;4;182;184;200;186;
371;2.50715367572;48.8547910575;3;186;575;577;
376;2.51184242304;48.8547383304;4;188;192;194;606;
377;2.51541014425;48.8550586074;1;189;
378;2.51377778227;48.8547282234;3;189;190;604;
380;2.51357159766;48.8549162467;2;190;603;
382;2.5104813023;48.8545529019;3;191;193;195;
384;2.51078365258;48.8542843364;3;192;193;658;
388;2.51222872441;48.8542362754;2;194;209;
389;2.51006111567;48.8543083604;3;195;197;198;
395;2.50962747431;48.8540457754;4;198;200;202;659;
403;2.50862502935;48.8534031311;3;202;581;583;
407;2.51569858967;48.8533510296;1;204;
408;2.51504554588;48.8532314704;3;204;205;836;
410;2.51439791955;48.8539932831;2;205;604;
413;2.51309039625;48.853907029;1;207;
414;2.51353547231;48.8529465449;3;207;208;835;
416;2.51318241396;48.8528102079;4;208;210;209;602;
420;2.5123391017;48.852635899;3;210;211;658;
422;2.51191782675;48.8525082735;5;211;212;333;587;609;
424;2.51184699321;48.8527957738;2;212;659;
425;2.49031046382;48.8601794861;2;213;216;
426;2.49014382953;48.8604935441;2;213;772;
431;2.49056063132;48.859685916;2;216;224;
439;2.4902198089;48.859693458;2;220;223;
440;2.48979456814;48.8599704403;3;220;789;785;
441;2.49447365995;48.859558616;3;221;226;228;
445;2.49074238413;48.8592190342;3;223;224;617;
451;2.49511211348;48.858374186;3;226;232;551;
455;2.49183746111;48.8587380471;3;228;230;233;
460;2.4916121995;48.8594745471;2;230;549;
463;2.49181757089;48.8579825186;3;232;621;233;
475;2.5042799653;48.8560202755;2;238;239;
477;2.50388970709;48.8554970414;3;239;240;259;
479;2.5035916838;48.8553069441;3;240;243;255;
481;2.49778822061;48.8550578926;4;241;273;268;730;
482;2.50000322758;48.8557326801;3;241;570;572;
485;2.50314392404;48.8550982375;3;243;244;246;
488;2.50187646094;48.8565229177;3;244;559;561;
491;2.50283244923;48.8548900956;5;246;247;249;251;269;
494;2.50153720947;48.8563686174;3;247;561;563;
497;2.50359742409;48.8547044101;3;249;256;271;
501;2.501552781;48.8547408774;3;251;253;727;
506;2.50122504478;48.8562324158;3;253;563;565;
510;2.50430694026;48.8546174174;3;255;256;266;
515;2.50698894708;48.8549162865;3;258;575;589;
516;2.50575177139;48.8545964138;3;258;259;265;
521;2.49460568339;48.8543789809;3;261;262;743;
522;2.49682790885;48.8557103766;3;261;573;741;
523;2.49346460381;48.8539964325;4;262;870;705;866;
530;2.50515367398;48.8544320606;3;265;266;270;
536;2.49686740972;48.8544424728;3;268;275;284;
537;2.5019523797;48.8542838777;3;269;278;306;
540;2.50398474633;48.8541034582;3;270;271;281;
545;2.49858843382;48.8540449935;2;273;287;
550;2.49646360989;48.8539191563;3;275;279;318;
551;2.50459155756;48.8533505257;3;276;281;292;
552;2.50483625859;48.8534144925;1;276;
555;2.5009227692;48.8536410556;4;278;283;608;726;
558;2.49519626814;48.8525018494;2;279;307;
559;2.50747978813;48.8534523831;3;280;286;290;
560;2.5083225882;48.8536806844;3;280;579;581;
565;2.49947400992;48.8526547216;3;283;299;300;
567;2.49766624424;48.853573468;1;284;
571;2.50574004078;48.8529595651;3;286;291;328;
573;2.49948487326;48.8529425565;3;287;299;731;
577;2.50970568367;48.8529758804;3;289;583;585;
578;2.50775761064;48.8528959348;3;289;290;316;
581;2.5049509196;48.8528214016;4;291;292;294;335;
587;2.50438027127;48.8526391709;4;294;295;298;337;
590;2.50404790328;48.8531953855;1;295;
595;2.5038504238;48.8524661001;2;298;305;
599;2.49928590314;48.8523751385;3;300;304;657;
607;2.49913677888;48.8522935735;2;304;313;
609;2.50319793273;48.8522925177;4;305;306;314;341;
614;2.49484369671;48.8523204929;3;307;311;357;
616;2.48946279257;48.852099799;2;308;781;
617;2.50194472252;48.8522333472;3;309;315;325;
618;2.50177844172;48.8525204445;2;309;608;
622;2.49449095324;48.8521571214;3;311;312;626;
624;2.49418661084;48.8526234935;2;312;677;
625;2.49897471942;48.8521400068;3;313;317;656;
627;2.50217888057;48.8519735124;3;314;315;330;
632;2.50825821937;48.8518367699;3;316;692;693;
633;2.49839229003;48.851768836;3;317;318;329;
639;2.49919293089;48.8521229335;3;320;656;657;
640;2.4995103346;48.8517105639;3;320;326;334;
641;2.49330982824;48.8516934605;3;321;323;627;
642;2.49401661356;48.8518853136;1;321;
646;2.49136878432;48.8522967784;2;323;622;
650;2.49978400289;48.8515947937;3;325;326;343;
653;2.49058859125;48.8526442031;3;327;738;803;
654;2.49128912673;48.8520805974;2;327;843;
656;2.50658554766;48.8514611535;3;328;595;692;
657;2.49793208065;48.8514431423;2;329;340;
659;2.50255205655;48.8514264654;3;330;342;349;
666;2.51079771816;48.8513345547;3;333;344;824;
668;2.49884640244;48.8513120739;3;334;366;353;
669;2.50581007414;48.8513230517;4;335;689;339;595;
671;2.49053232364;48.8514298501;3;336;702;830;
672;2.49016816142;48.8524355636;2;336;805;
673;2.50523875612;48.8512127695;3;337;689;688;
677;2.50633165671;48.8509294939;3;339;347;367;
679;2.49702547982;48.8507738204;3;340;355;383;
682;2.50393371486;48.8508746089;4;341;378;668;687;
683;2.50044569875;48.8508061361;4;342;343;361;351;
687;2.51021690409;48.8507835795;4;344;362;346;599;
692;2.50641495262;48.8507679558;3;346;347;368;
697;2.50310323438;48.850790222;3;349;685;668;
699;2.49323497371;48.850982662;3;350;746;842;
700;2.49355189321;48.8506242662;4;350;390;737;796;
701;2.49973881807;48.850623314;3;351;353;364;
709;2.49577527177;48.8504088207;3;355;357;359;
717;2.49542210294;48.850290417;4;359;629;372;626;
722;2.50079128611;48.8502949526;3;361;598;685;
723;2.50963601768;48.8502415944;3;362;373;670;
727;2.49765761262;48.8502278762;3;364;366;385;
733;2.50466313125;48.8501221823;3;367;376;379;
735;2.50666611433;48.8501484447;3;368;370;375;
740;2.50557553576;48.8501889102;1;370;
744;2.49459286665;48.8500800679;3;372;387;796;
745;2.50931100378;48.8500244194;3;373;375;380;
751;2.50398426914;48.8498585602;4;376;378;397;652;
757;2.50534840266;48.8497113191;3;379;382;393;
759;2.50894740022;48.8495642624;3;380;391;382;
774;2.49549755107;48.8495352857;3;387;630;844;
775;2.49581418517;48.8492038627;9;388;404;435;653;631;655;844;383;385;
776;2.49568675869;48.8496979654;3;388;629;630;
780;2.49305031849;48.8503523388;1;390;
781;2.50878811776;48.8491139364;4;391;393;400;402;
787;2.5032640193;48.8496487229;3;394;396;652;
788;2.50066621936;48.8491252829;4;394;395;424;643;
790;2.50037074817;48.8500953415;3;395;598;631;
791;2.50346096372;48.8490020123;4;396;398;423;641;
794;2.5041565192;48.8489419428;4;397;398;408;409;
799;2.50967486431;48.8490096524;1;400;
803;2.50869663148;48.8486998623;3;402;406;415;
808;2.49352936739;48.8487355464;4;404;405;413;637;
810;2.49364929214;48.8504178293;1;405;
811;2.50858897615;48.848555525;3;406;417;408;
818;2.50428386353;48.8484478307;3;409;412;443;
819;2.49164054559;48.8481879281;2;410;436;
820;2.49157022024;48.8484124659;2;410;639;
821;2.49915660271;48.8488131957;2;411;643;
822;2.49793549914;48.848259477;3;411;429;420;
824;2.50646614048;48.8482410098;3;412;419;438;
825;2.49363025827;48.8481693855;1;413;
829;2.50894801032;48.8480533659;1;415;
833;2.50851154289;48.848096541;3;417;419;439;
839;2.49747410952;48.8480596838;3;420;433;422;
844;2.49623913221;48.8489448425;3;422;654;655;
845;2.50096279909;48.8480383124;4;423;424;428;644;
849;2.49458942449;48.8476248399;3;425;426;460;
850;2.49624426135;48.8484142502;4;425;654;445;653;
852;2.49415041725;48.8479287623;1;426;
855;2.4987616464;48.8473725883;4;428;429;432;452;
859;2.49219287395;48.847443816;1;430;
860;2.49180239575;48.8483594915;3;430;637;760;
863;2.49843531085;48.8472992729;4;432;433;441;444;
867;2.4893002473;48.8478272162;3;434;635;760;
868;2.49093662056;48.846314293;3;434;489;853;
870;2.49252174127;48.8472563486;2;435;437;
871;2.49218827385;48.8465174688;2;436;733;
874;2.49135674077;48.8465499103;3;437;853;485;
876;2.50605565566;48.8469802317;3;438;450;462;
877;2.50769350301;48.8466991917;3;439;473;450;
881;2.49888912452;48.8468694881;3;441;724;634;
886;2.50423087456;48.846855769;3;443;451;645;
887;2.49680494942;48.8467977861;4;444;445;456;458;
893;2.50116570569;48.8467710803;3;447;464;449;
894;2.50183252061;48.8468637934;2;447;674;
898;2.50107585649;48.8476160913;2;449;644;
902;2.5043020842;48.8465322992;4;451;463;469;495;
904;2.49914957491;48.8467086963;3;452;454;724;
907;2.49949290222;48.8464313355;3;454;467;476;
911;2.4969721074;48.8464207632;3;456;480;634;
915;2.4955686383;48.846414854;2;458;460;
924;2.50580230363;48.8463946102;3;462;463;475;
927;2.50103366469;48.8463298497;3;464;465;470;
930;2.49973980901;48.8462614922;3;465;467;483;
938;2.50396227561;48.8450109937;3;469;520;496;
939;2.50107600601;48.8461771372;3;470;471;649;
941;2.50239754244;48.8462006281;1;471;
945;2.50712614412;48.8461752347;4;473;477;475;493;
951;2.49953878896;48.845909906;3;476;478;498;
953;2.50733401771;48.8458073586;1;477;
955;2.49728063943;48.8455137188;3;478;480;508;
963;2.50071500058;48.8454561531;3;482;483;487;
964;2.50085005138;48.8455826254;3;482;649;650;
969;2.49131101517;48.8456503679;1;485;
973;2.50093473364;48.8452772004;2;487;491;
977;2.48988058014;48.8456172967;1;489;
981;2.50119568621;48.8450624451;3;491;501;504;
985;2.50553006779;48.8449275491;5;493;495;496;514;518;
995;2.4999981034;48.8449045567;3;498;502;513;
997;2.50256038877;48.8448432902;4;499;515;501;672;
998;2.50291310803;48.845006639;1;499;
1003;2.49829828974;48.8445466945;3;502;506;536;
1007;2.50189600507;48.8444987735;2;504;516;
1011;2.49759072123;48.8444447967;4;506;508;510;849;
1019;2.49642093563;48.8442330281;1;510;
1023;2.50055303549;48.8438726236;3;512;513;530;
1024;2.500934112;48.8439191814;2;512;527;
1028;2.50588332529;48.8435979729;1;514;
1029;2.50285741934;48.8437023521;3;515;516;523;
1035;2.50373097431;48.8435440962;3;518;520;521;
1041;2.5033794621;48.8432548457;4;521;523;525;822;
1049;2.50260909712;48.8425951199;4;525;528;527;833;
1055;2.50133231277;48.8421761033;3;528;534;530;
1061;2.49792767054;48.8419999796;1;531;
1062;2.49870324395;48.8421111542;3;531;533;849;
1066;2.49885726731;48.8416801111;2;533;540;
1067;2.49970225637;48.8416566674;3;534;536;537;
1073;2.49881846875;48.8414641043;3;537;540;541;
1081;2.49848044931;48.8411928822;3;541;543;697;
1085;2.49855056211;48.8409863253;1;543;
1093;2.48695282418;48.8606507805;2;547;715;
1098;2.49127754415;48.8602465546;2;549;615;
1113;2.50559074484;48.8572038319;4;557;589;611;660;
1133;2.49847131224;48.8563018465;2;567;695;
1135;2.49732990189;48.8559463148;3;568;573;756;
1153;2.50788106201;48.8542544472;3;577;579;879;
1169;2.51133209629;48.8524789026;3;585;587;826;
1197;2.51103689113;48.8505351173;1;599;
1201;2.50895304444;48.8518576103;3;601;693;826;
1202;2.50995054741;48.8515739104;2;601;825;
1203;2.51367029144;48.8516430479;1;602;
1209;2.5002348218;48.8642683477;1;605;
1212;2.51206879544;48.8553058375;1;606;
1217;2.51327661178;48.8514795655;1;609;
1226;2.48507996625;48.8612093187;2;613;792;
1233;2.49097829878;48.8587883559;3;617;618;766;
1235;2.49147816416;48.857846176;3;618;619;621;
1237;2.49160310574;48.8576128788;2;619;720;
1244;2.4913769694;48.8528544058;1;622;
1253;2.49336739764;48.8513789341;2;627;746;
1269;2.48789877377;48.8476143758;3;635;861;874;
1278;2.49120443084;48.8495890538;3;639;701;797;
1281;2.50361822322;48.848229228;1;641;
1290;2.50353560403;48.8468888597;2;645;647;
1293;2.5026226591;48.8468850678;2;647;674;
1300;2.50177616919;48.8456314531;1;650;
1324;2.50695149193;48.8574342808;1;662;
1328;2.50164878984;48.8646519634;1;664;
1329;2.48302115749;48.8612723895;2;665;678;
1330;2.48180596013;48.8614829745;5;665;811;855;856;887;
1331;2.48330765052;48.8612466467;2;666;679;
1332;2.48366443116;48.8610053657;2;666;786;
1339;2.51063188139;48.850128757;1;670;
1343;2.50231641782;48.8447073733;1;672;
1354;2.49352156294;48.853744858;2;677;870;
1355;2.48297750155;48.8615509951;2;678;847;
1357;2.48290622824;48.8618654548;3;679;748;848;
1359;2.48851888342;48.8524644985;2;680;682;
1360;2.48605230893;48.8524539292;4;680;859;864;881;
1363;2.48881842346;48.8524927588;4;682;803;831;308;
1373;2.50464052818;48.8510663994;2;687;688;
1393;2.49761385265;48.8406316479;1;697;
1402;2.49082763405;48.8504957892;3;701;702;778;
1410;2.49192314608;48.8569397339;2;705;706;
1412;2.49179820755;48.8571730315;2;706;720;
1419;2.48306211361;48.8626395569;3;710;791;794;
1452;2.50020506609;48.8545823679;5;726;727;729;730;731;
1465;2.492939912;48.8448928365;2;733;734;
1467;2.49311470147;48.8437334165;2;734;780;
1473;2.49308586292;48.8509010894;2;737;798;
1475;2.49195787037;48.8533784922;2;738;739;
1477;2.4926500826;48.8536692187;2;739;838;
1482;2.49631653161;48.8564456837;3;741;744;743;
1495;2.48279218917;48.86236859;2;748;749;
1500;2.50047660527;48.8575333348;3;750;752;754;
1508;2.5000232296;48.8579091634;1;754;
1511;2.49794675696;48.8569921379;3;756;757;758;
1516;2.49825900422;48.857119355;1;758;
1529;2.48884068752;48.8571694281;3;765;767;806;
1530;2.488255739;48.8584439891;2;765;766;
1534;2.48769632901;48.8585045492;2;767;807;
1544;2.49006046763;48.8606550695;2;772;774;
1551;2.48844163238;48.8603333927;2;776;790;
1552;2.48608247978;48.860449192;2;776;777;
1554;2.48561809768;48.8605461239;2;777;794;
1555;2.49014628539;48.8504928877;2;778;845;
1557;2.49393054481;48.8382957911;1;779;
1558;2.49355274111;48.8393194554;2;779;780;
1562;2.48968637935;48.8515341663;2;781;846;
1564;2.48828515091;48.8554493143;2;782;832;
1566;2.49728972938;48.8601100808;2;783;784;
1569;2.48529232004;48.8604098226;2;785;786;
1578;2.48898787264;48.860227806;2;789;790;
1581;2.48338291942;48.861903487;2;791;808;
1584;2.4834111602;48.8618046819;2;792;811;
1594;2.49108891788;48.8502540778;2;797;798;
1610;2.48915057097;48.8561455041;3;805;806;782;
1614;2.48396125635;48.8613124204;2;807;808;
1643;2.50368109831;48.8430582406;1;822;
1647;2.51025119272;48.8514852071;2;824;825;
1659;2.49168704053;48.8518034921;3;830;842;843;
1661;2.48873581525;48.8539673275;2;831;832;
1666;2.50308485471;48.8427140125;2;833;834;
1668;2.50338366106;48.8428141818;1;834;
1669;2.51443363955;48.8530850943;2;835;836;
1675;2.4930432766;48.8538777338;2;838;867;
1689;2.48989536581;48.8510673986;2;845;846;
1693;2.48294899233;48.861676779;2;847;848;
1702;2.50022550485;48.8638186423;2;851;852;
1709;2.48190793386;48.8621938915;1;855;
1712;2.48083796449;48.8601387671;1;856;
1718;2.48224881335;48.8525814264;1;859;
1722;2.48555701796;48.8474064731;1;861;
1727;2.48843556046;48.8540110113;1;864;
1732;2.49311001617;48.8540219112;2;866;867;
1741;2.48841539529;48.8505124797;3;871;882;883;
1742;2.48674972944;48.8494441188;2;871;873;
1746;2.48760413459;48.8484764872;3;873;874;883;
1753;2.49687987451;48.864443151;1;877;
1758;2.50754138255;48.8541451289;1;879;
1762;2.4868225332;48.8517377602;2;881;882;
1773;2.4802507234;48.861620124;1;887;
