SO2     NO      SULF    NO2     O3      H2O2    HNO3    HONO    HNO4    NH3     PAN     PPN     MPAN    HCHO    ACD     ALD     ACT   MEK        BALD    MVK     MACR    MGLY    MOH     EOH     ROH     CSL     ORA1    ORA2    OP1     ONIT    ISON    CO      HCL
64.06   30.     98.08   46.     48.     34.01   63.01   47.01   79.01   17.03   121.05  135.    147.    30.03   44.05   58.     58.   72.        106.    70.09   70.09   72.06   32.04   46.07   60.     108.14  46.03   60.05   48.04   77.04   147.    28.     36.
2.65E5  2.E-3   5.E14   1.2E-2  1.14E-2 1.02E5  3.23E13 2.6E5   1.E7    1.1E4   5.      2.9     1.7     4.9E3   15.     32.     32.   17.6       37.4    38.3    3.5     3.7E3   2.2E2   1.9E2   1.3E2   8.3E2   9.8E6   9.6E5   9.5E2   2.      5.      1.E3    7.E10
0.1089  0.194   0.094   0.1361  0.1444  0.182   0.134   0.155   0.137   0.1978  0.096   0.096   0.096   0.194   0.160   0.160   0.106 0.0917     0.0825  0.0939  0.0939  0.101   0.169   0.128   0.103   0.0773  0.156   0.116   0.153   0.119   0.0721  0.200   0.140
0.      0.      0.      0.1     1.      1.      0.      0.1     0.      0.      0.1     0.1     0.1     0.      0.      0.      0.    0.         0.      0.      0.      0.      0.      0.      0.      0.      0.      0.      0.1     0.      0.1     0.      0.
1.      0.      1.      0.      0.      1.      10.     2.      5.      1.      0.      0.      0.      0.8     0.      0.      0.    0.         0.      0.      0.      0.01    0.6     0.6     0.4     0.01    2.      1.5     0.1     0.      0.      0.01    1.
0.      0.      1.      0.8     1.      1.      10.     2.      5.      0.      0.6     0.6     0.3     0.2     0.05    0.05    0.05  0.05       0.05    0.05    0.05    0.      0.1     0.      0.      0.      0.      0.      0.8     0.5     0.5     0.      0.
0.      0.      0.      0.      0.      0.      0.      0.      0.      0.      0.      0.      0.      0.      100.    100.    100.  100.       100.    0.      100.    0.      0.      0.      0.      0.      0.      0.      0.      100.    100.    0.      0.

# Legend:
#
# Species name, molecular weight, Henry constant (Effective), diffusivity,
# reactivity, alpha, beta, Rm.
#
# With "zhang.cfg" as the LUC configuration file, diffusivity, alpha, beta,
# and Rm are used.
# With "wesely.cfg" as the LUC configuration file, Henry constant and
# reactivity are used.
