#	O3	NO2	NO
2014-03-15_01	22	49	2.93
2014-03-15_02	31.5	39	1.63
2014-03-15_03	43.5	28	0.98
2014-03-15_04	66.5	21.5	0.00
2014-03-15_05	68.5	24.5	0.33
2014-03-15_06	74	22.5	0.33
2014-03-15_07	59.5	27.5	0.33
2014-03-15_08	45.5	28	2.61
2014-03-15_09	39	26	3.91
2014-03-15_10	39	24.5	5.54
2014-03-15_11	47.5	19	4.89
2014-03-15_12	54	15.5	4.57
2014-03-15_13	60	13.5	3.59
2014-03-15_14	66	14	2.93
2014-03-15_15	74.5	13	1.30
2014-03-15_16	77.5	13.5	0.98
2014-03-15_17	78	16	0.98
2014-03-15_18	64.5	28.5	0.98
2014-03-15_19	54	40	0.65
2014-03-15_20	51.5	44	0.98
2014-03-15_21	58	37	0.65
2014-03-15_22	64	29.5	0.65
2014-03-15_23	63	28	0.33
2014-03-16_00	55	29.5	0.33
2014-03-16_01	45	34	0.33
2014-03-16_02	45.5	27.5	0.33
2014-03-16_03	46	21.5	0.33
2014-03-16_04	34	29.5	0.65
2014-03-16_05	31.5	30	0.65
2014-03-16_06	30	31.5	1.30
2014-03-16_07	19	42	8.15
2014-03-16_08	32	29	7.50
2014-03-16_09	44.5	21.5	6.52
2014-03-16_10	51	19	6.20
2014-03-16_11	53	20.5	7.50
2014-03-16_12	63.5	19	5.87
2014-03-16_13	72.5	16.5	3.91
2014-03-16_14	77	12.5	2.93
2014-03-16_15	80	12	1.96
2014-03-16_16	81	13	1.63
2014-03-16_17	74.5	18.5	1.63
2014-03-16_18	64	28	0.65
2014-03-16_19	57.5	35	0.33
2014-03-16_20	56.5	37	0.98
2014-03-16_21	57.5	34	1.30
2014-03-16_22	57.5	29.5	0.33
2014-03-16_23	49.5	34.5	0.98
2014-03-17_00	43	37	0.65
2014-03-17_01	35.5	40.5	1.30
2014-03-17_02	24	47	1.96
2014-03-17_03	29	36.5	1.63
2014-03-17_04	37	22.5	0.98
2014-03-17_05	33.5	25.5	0.98
2014-03-17_06	30.5	32.5	1.96
2014-03-17_07	28.5	38.5	2.93
2014-03-17_08	34	34.5	3.59
2014-03-17_09	32.5	35.5	4.24
2014-03-17_10	29	39.5	11.41
2014-03-17_11	32.5	38.5	14.67
2014-03-17_12	35	36	14.02
2014-03-17_13	39.5	31.5	15.33
2014-03-17_14	38	33.5	16.63
2014-03-17_15	34	36.5	16.63
2014-03-17_16	30	37	11.74
2014-03-17_17	24.5	40	6.52
2014-03-17_18	19.5	45	4.24
2014-03-17_19	15.5	48	4.24
2014-03-17_20	7.5	55.5	10.43
2014-03-17_21	3	60.5	23.48
2014-03-17_22	2	60.5	47.93
2014-03-17_23	2	57	29.35
2014-03-18_00	1	55.5	27.72
2014-03-18_01	1	54.5	19.24
2014-03-18_02	1	55	17.61
2014-03-18_03	0.5	53.5	22.50
2014-03-18_04	0.5	56.5	29.02
2014-03-18_05	0.5	56	31.63
2014-03-18_06	0.5	55	44.67
2014-03-18_07	1.5	57	78.91
2014-03-18_08	2.5	55	58.70
2014-03-18_09	10.5	44.5	19.24
2014-03-18_10	20.5	32.5	10.11
2014-03-18_11	27	28	11.09
2014-03-18_12	35	26	13.04
2014-03-18_13	50	22	7.50
2014-03-18_14	54	19	5.54
2014-03-18_15	56.5	18.5	2.93
2014-03-18_16	52.5	22	3.26
2014-03-18_17	50	27.5	2.28
2014-03-18_18	48	31.5	1.96
2014-03-18_19	53	29	1.30
2014-03-18_20	60	26	0.65
2014-03-18_21	64	20.5	0.00
2014-03-18_22	63.5	19	0.00
2014-03-18_23	64.5	16.5	0.00
2014-03-19_00	66.5	14.5	0.00
2014-03-19_01	68.5	12.5	0.00
2014-03-19_02	67	11.5	0.00
2014-03-19_03	66	12.5	0.00
2014-03-19_04	58.5	17.5	0.00
2014-03-19_05	56	20	0.00
2014-03-19_06	42.5	33.5	1.63
2014-03-19_07	35.5	40.5	3.91
2014-03-19_08	34.5	41.5	7.17
2014-03-19_09	33.5	43.5	14.35
2014-03-19_10	27	39.5	16.63
2014-03-19_11	48	28	12.39
2014-03-19_12	53	29	9.46
2014-03-19_13	61	22	6.52
2014-03-19_14	64	20.5	4.89
2014-03-19_15	67	22	4.24
2014-03-19_16	62	28	4.57
2014-03-19_17	52.5	36	4.24
2014-03-19_18	33	57.5	8.15
2014-03-19_19	21	65.5	5.22
2014-03-19_20	28.5	54	2.93
2014-03-19_21	31.5	49	2.61
2014-03-19_22	31.5	45.5	1.63
2014-03-19_23	43	32	0.98
2014-03-20_00	34.5	37.5	2.28
2014-03-20_01	29.5	38	1.30
2014-03-20_02	24	39	1.30
2014-03-20_03	27	33.5	4.24
2014-03-20_04	28.5	34	1.96
2014-03-20_05	29	35.5	2.61
2014-03-20_06	23	43	3.59
2014-03-20_07	9	61.5	28.04
2014-03-20_08	14	61	47.28
2014-03-20_09	39	35	17.61
2014-03-20_10	49.5	21.5	8.15
2014-03-20_11	58.5	18.5	6.52
2014-03-20_12	68	16	4.57
2014-03-20_13	80	13	3.26
2014-03-20_14	84.5	12.5	2.93
2014-03-20_15	90	14	2.61
2014-03-20_16	91.5	16	1.96
2014-03-20_17	89	20	1.96
2014-03-20_18	81	30	1.63
2014-03-20_19	71	37	0.98
2014-03-20_20	60	44	1.30
2014-03-20_21	70.5	29	0.33
2014-03-20_22	76.5	20	0.00
2014-03-20_23	79.5	15	0.00
2014-03-21_00	82	10.5	0.00
2014-03-21_01	81	8.5	0.00
2014-03-21_02	74	9	0.00
2014-03-21_03	72	8.5	0.00
2014-03-21_04	69	9	0.00
2014-03-21_05	69	12.5	0.00
2014-03-21_06	59	21.5	1.30
2014-03-21_07	49	31.5	2.61
2014-03-21_08	47.5	32	3.26
2014-03-21_09	48	26.5	3.59
2014-03-21_10	69	25.5	3.59
2014-03-21_11	77.5	21.5	3.91
2014-03-21_12	79.5	15.5	3.26
2014-03-21_13	83	12.5	2.61
2014-03-21_14	83.5	13.5	2.28
2014-03-21_15	85	14	2.28
2014-03-21_16	81.5	18	1.96
2014-03-21_17	77	22.5	1.63
2014-03-21_18	75	24.5	0.98
2014-03-21_19	60.5	38.5	1.63
2014-03-21_20	46.5	49.5	2.93
2014-03-21_21	30.5	61.5	3.59
2014-03-21_22	17.5	69	3.59
2014-03-21_23	22.5	59.5	2.61
2014-03-22_00	31.5	41	1.30
2014-03-22_01	48	25.5	0.33
2014-03-22_02	61	15	0.00
2014-03-22_03	66.5	11.5	0.00
2014-03-22_04	60	12	0.00
2014-03-22_05	56	16	0.00
2014-03-22_06	57.5	16	0.65
2014-03-22_07	59	17	0.98
2014-03-22_08	60	16	1.30
2014-03-22_09	60.5	16.5	1.63
2014-03-22_10	63.5	17.5	1.96
2014-03-22_11	57	25.5	3.91
2014-03-22_12	65	19	3.26
2014-03-22_13	75	11.5	2.28
2014-03-22_14	81.5	9	1.96
2014-03-22_15	84	10	1.63
2014-03-22_16	83.5	11	1.63
2014-03-22_17	81.5	13	1.63
2014-03-22_18	77	16.5	1.30
2014-03-22_19	69.5	22.5	0.65
2014-03-22_20	67.5	22	0.65
2014-03-22_21	68	19.5	0.33
2014-03-22_22	70	17	0.00
2014-03-22_23	69	18	0.00
2014-03-23_00	65	18.5	0.33
2014-03-23_01	59	19	0.33
2014-03-23_02	53	19.5	0.33
2014-03-23_03	51	18	0.00
2014-03-23_04	49.5	16.5	0.00
2014-03-23_05	47.5	18	0.33
2014-03-23_06	47	20	0.65
2014-03-23_07	50	20.5	1.96
2014-03-23_08	57.5	16	2.93
2014-03-23_09	64	12.5	2.93
2014-03-23_10	67	13	2.93
2014-03-23_11	70	10.5	2.28
2014-03-23_12	72.5	10	2.93
2014-03-23_13	79	7.5	1.96
2014-03-23_14	74	13	1.96
2014-03-23_15	73	15	1.63
2014-03-23_16	73	17	2.28
2014-03-23_17	62	24.5	2.93
2014-03-23_18	63	24	1.30
2014-03-23_19	57.5	29	0.98
2014-03-23_20	57	30	0.65
2014-03-23_21	57.5	27	0.65
2014-03-23_22	62	22.5	0.33
2014-03-23_23	53.5	29.5	0.33
2014-03-24_00	52.5	26.5	0.33
2014-03-24_01	45.5	28	0.33
2014-03-24_02	43	26.5	0.65
2014-03-24_03	32.5	34.5	0.98
2014-03-24_04	22	42.5	4.24
2014-03-24_05	5.5	58.5	28.04
2014-03-24_06	1.5	68	51.85
2014-03-24_07	4.5	71	90.33
2014-03-24_08	10.5	68	80.87
2014-03-24_09	33.5	45	23.15
2014-03-24_10	49.5	35	13.04
2014-03-24_11	59	25	7.83
2014-03-24_12	61	20	3.91
2014-03-24_13	58.5	29	6.52
2014-03-24_14	56.5	31.5	7.50
2014-03-24_15	57	30.5	6.52
2014-03-24_16	60	29.5	3.91
2014-03-24_17	57	36.5	4.89
2014-03-24_18	51.5	43.5	4.24
2014-03-24_19	20.5	78.5	16.30
2014-03-24_20	17.5	78.5	10.11
2014-03-24_21	21	71	18.26
2014-03-24_22	29.5	55.5	5.54
2014-03-24_23	27	54.5	12.39
2014-03-25_00	43.5	32.5	1.96
2014-03-25_01	47	24.5	0.65
2014-03-25_02	49.5	17	0.65
2014-03-25_03	43	20	0.65
2014-03-25_04	31.5	27.5	0.65
2014-03-25_05	15	42.5	5.22
2014-03-25_06	13.5	54.5	11.41
2014-03-25_07	28	45.5	9.46
2014-03-25_08	38	38.5	7.83
2014-03-25_09	53.5	26	5.22
2014-03-25_10	59.5	20	3.59
2014-03-25_11	58.5	19.5	3.26
2014-03-25_12	62	18	3.59
2014-03-25_13	68.5	12.5	2.61
2014-03-25_14	66.5	15.5	2.61
2014-03-25_15	71	14	1.96
2014-03-25_16	64	20.5	2.28
2014-03-25_17	56	25	2.93
2014-03-25_18	52	32	3.26
2014-03-25_19	40	45	4.89
2014-03-25_20	28	57	4.24
2014-03-25_21	20.5	65	12.07
2014-03-25_22	13	70	9.46
2014-03-25_23	12	69	8.48
2014-03-26_00	12	64	5.54
2014-03-26_01	29.5	38	0.98
2014-03-26_02	21	43.5	1.96
2014-03-26_03	18	46	3.59
2014-03-26_04	7	54.5	11.41
2014-03-26_05	2.5	54	16.30
2014-03-26_06	2	59.5	45.98
2014-03-26_07	4.5	62	72.07
2014-03-26_08	10.5	51.5	53.48
2014-03-26_09	22	39.5	30.00
2014-03-26_10	37	27.5	15.33
2014-03-26_11	59.5	19.5	7.17
2014-03-26_12	69	17.5	4.57
2014-03-26_13	73.5	16.5	2.61
2014-03-26_14	76.5	18	2.93
2014-03-26_15	80	16.5	2.61
2014-03-26_16	70	24	3.59
2014-03-26_17	62.5	32	2.28
2014-03-26_18	62	33.5	1.30
2014-03-26_19	51.5	42	0.98
2014-03-26_20	25.5	66.5	2.93
2014-03-26_21	16.5	70.5	5.54
2014-03-26_22	18.5	64.5	4.57
2014-03-26_23	14.5	66.5	10.11
2014-03-27_00	15	62.5	8.80
2014-03-27_01	12.5	58.5	3.91
2014-03-27_02	14.5	51.5	2.61
2014-03-27_03	13.5	48	3.91
2014-03-27_04	3.5	57	28.37
2014-03-27_05	2.5	57.5	50.87
2014-03-27_06	2.5	59.5	60.33
2014-03-27_07	4	72.5	135.00
2014-03-27_08	7.5	62.5	90.33
2014-03-27_09	17.5	48.5	37.50
2014-03-27_10	36	39.5	21.52
2014-03-27_11	65	22.5	7.50
2014-03-27_12	81	14.5	2.61
2014-03-27_13	84	13.5	2.61
2014-03-27_14	90	13	1.63
2014-03-27_15	90	14	1.30
2014-03-27_16	92.5	13.5	0.65
2014-03-27_17	90	19.5	1.63
2014-03-27_18	82	26.5	1.63
2014-03-27_19	62.5	43.5	1.30
2014-03-27_20	36.5	68.5	4.89
2014-03-27_21	18	86.5	15.65
2014-03-27_22	34.5	64	4.24
2014-03-27_23	34.5	58.5	1.63
2014-03-28_00	27	60	1.63
2014-03-28_01	32	51.5	3.59
2014-03-28_02	28.5	49.5	1.96
2014-03-28_03	21	50.5	1.96
2014-03-28_04	19.5	53.5	6.85
2014-03-28_05	24	48	3.91
2014-03-28_06	12.5	63	14.67
2014-03-28_07	21	60.5	18.91
2014-03-28_08	14.5	72.5	49.89
2014-03-28_09	37	50.5	25.76
2014-03-28_10	67.5	24	7.50
2014-03-28_11	83.5	13.5	2.61
2014-03-28_12	85.5	14	1.63
2014-03-28_13	93	12	1.96
2014-03-28_14	98.5	10.5	1.30
2014-03-28_15	99	11	1.30
2014-03-28_16	98	12.5	1.63
2014-03-28_17	94.5	18.5	1.96
2014-03-28_18	85.5	29	1.30
2014-03-28_19	50	60.5	2.61
2014-03-28_20	42.5	63.5	3.26
2014-03-28_21	44.5	59.5	3.91
2014-03-28_22	60.5	38.5	0.98
2014-03-28_23	64	32	0.33
2014-03-29_00	65.5	28	0.33
2014-03-29_01	67	21	0.65
2014-03-29_02	66	18.5	0.33
2014-03-29_03	63.5	21.5	0.33
2014-03-29_04	52.5	28	0.65
2014-03-29_05	57.5	21.5	0.98
2014-03-29_06	52.5	24	1.63
2014-03-29_07	53.5	26	2.93
2014-03-29_08	50.5	31.5	6.20
2014-03-29_09	62	24.5	4.89
2014-03-29_10	79.5	15	2.93
2014-03-29_11	88.5	11.5	2.28
2014-03-29_12	99	9	1.63
2014-03-29_13	105	9	1.30
2014-03-29_14	106.5	10	1.96
2014-03-29_15	105.5	18	4.57
2014-03-29_16	106.5	11	0.65
2014-03-29_17	100	18	0.98
2014-03-29_18	85	30.5	0.98
2014-03-29_19	70	41	1.30
2014-03-29_20	52.5	56	1.63
2014-03-29_21	54.5	47	1.96
2014-03-29_22	66.5	31.5	0.98
2014-03-29_23	74	24.5	0.65
2014-03-30_00	74	22.5	0.65
2014-03-30_01	78.5	20	1.63
2014-03-30_02	84.5	16	0.33
2014-03-30_03	86.5	15	0.33
2014-03-30_04	68.5	28.5	0.65
2014-03-30_05	67.5	25	0.33
2014-03-30_06	64	28	0.65
2014-03-30_07	60	31	1.63
2014-03-30_08	65	25.5	2.61
2014-03-30_09	64	27	3.91
2014-03-30_10	74	20.5	2.93
2014-03-30_11	81.5	16	2.28
2014-03-30_12	83	15	1.30
2014-03-30_13	85.5	14.5	0.98
2014-03-30_14	87.5	14	1.63
2014-03-30_15	85.5	15.5	1.30
2014-03-30_16	84.5	17.5	0.98
2014-03-30_17	71	28	1.30
2014-03-30_18	59.5	39	0.98
2014-03-30_19	57	40.5	0.65
2014-03-30_20	47	46.5	0.65
2014-03-30_21	37.5	52	1.30
2014-03-30_22	19.5	66	9.13
2014-03-30_23	11.5	77.5	9.46
2014-03-31_00	3	90	19.24
2014-03-31_01	3	85	14.67
2014-03-31_02	2.5	84	25.43
2014-03-31_03	3.5	74	58.70
2014-03-31_04	2.5	72	72.72
2014-03-31_05	3.5	67	65.87
2014-03-31_06	1.5	70	128.48
2014-03-31_07	3.5	72	102.39
2014-03-31_08	9	65	60.98
2014-03-31_09	40	46.5	18.91
2014-03-31_10	67	23	6.20
2014-03-31_11	77.5	18	4.24
2014-03-31_12	82	17.5	2.61
2014-03-31_13	83	19	2.93
2014-03-31_14	84	18.5	2.61
2014-03-31_15	82	20.5	1.96
2014-03-31_16	71	29	2.61
2014-03-31_17	61	36.5	2.61
2014-03-31_18	48	51.5	2.93
2014-03-31_19	30.5	69.5	5.22
2014-03-31_20	13	84	11.74
2014-03-31_21	7.5	84.5	8.48
2014-03-31_22	5	83.5	34.89
2014-03-31_23	2.5	81.5	29.35
2014-04-01_00	6	74	12.72
2014-04-01_01	9.5	64.5	10.76
2014-04-01_02	10	62	29.35
2014-04-01_03	11	57	6.20
2014-04-01_04	11.5	59	16.96
2014-04-01_05	8	65	37.50
2014-04-01_06	2	76	68.48
2014-04-01_07	4	77	93.59
2014-04-01_08	11.5	73.5	79.89
2014-04-01_09	23	62	40.76
2014-04-01_10	48.5	38.5	14.67
2014-04-01_11	73	22	5.54
2014-04-01_12	88	12	2.28
2014-04-01_13	92	12	1.63
2014-04-01_14	96.5	11	1.63
2014-04-01_15	101	10.5	0.98
2014-04-01_16	100	13.5	1.30
2014-04-01_17	99.5	14	1.30
2014-04-01_18	82.5	27.5	1.63
2014-04-01_19	57.5	46	2.61
2014-04-01_20	45	53.5	2.61
2014-04-01_21	47	51.5	7.83
2014-04-01_22	55	42.5	1.63
2014-04-01_23	66.5	31	0.65
2014-04-02_00	60.5	33	0.98
2014-04-02_01	59.5	29.5	0.65
2014-04-02_02	56.5	29.5	4.24
2014-04-02_03	54.5	25.5	0.65
2014-04-02_04	53	23.5	0.65
2014-04-02_05	33.5	39	2.93
2014-04-02_06	11.5	59.5	12.07
2014-04-02_07	15	54	23.80
2014-04-02_08	26	42	20.54
2014-04-02_09	48.5	22	7.50
2014-04-02_10	57	16	4.89
2014-04-02_11	60	16	4.57
2014-04-02_12	66	13.5	3.26
2014-04-02_13	67.5	15.5	3.26
2014-04-02_14	73.5	15	2.28
2014-04-02_15	75.5	15	1.63
2014-04-02_16	72	19.5	2.28
2014-04-02_17	65.5	25	1.63
2014-04-02_18	53	37	2.28
2014-04-02_19	41	46.5	2.61
2014-04-02_20	35	50	2.61
2014-04-02_21	43.5	38	1.96
2014-04-02_22	51	28	0.98
2014-04-02_23	57	19.5	0.33
2014-04-03_00	61.5	14	0.33
2014-04-03_01	63.5	13.5	0.33
2014-04-03_02	63.5	16.5	1.63
2014-04-03_03	70.5	10.5	0.00
2014-04-03_04	59	19	0.33
2014-04-03_05	44	34.5	3.26
2014-04-03_06	42	39.5	4.24
2014-04-03_07	34.5	48	8.15
2014-04-03_08	46	36.5	8.80
2014-04-03_09	62	24	4.57
2014-04-03_10	75	15.5	2.28
2014-04-03_11	75.5	14	2.28
2014-04-03_12	78.5	12	1.30
2014-04-03_13	79.5	12.5	1.30
2014-04-03_14	80	12.5	1.63
2014-04-03_15	79.5	14.5	1.30
2014-04-03_16	68	26	2.28
2014-04-03_17	53	40	2.28
2014-04-03_18	45.5	47	4.24
2014-04-03_19	31	59.5	1.96
2014-04-03_20	20.5	67	2.93
2014-04-03_21	12	69.5	8.15
2014-04-03_22	11.5	63	12.39
2014-04-03_23	9.5	60	8.48
2014-04-04_00	7.5	56	3.59
2014-04-04_01	14.5	43	1.96
2014-04-04_02	18	40	4.24
2014-04-04_03	31	24.5	1.96
2014-04-04_04	46.5	22.5	0.98
2014-04-04_05	29.5	40.5	1.96
2014-04-04_06	18.5	49.5	4.57
2014-04-04_07	20.5	52	6.52
2014-04-04_08	24	51	10.11
2014-04-04_09	37	37.5	4.24
2014-04-04_10	42	28	3.91
2014-04-04_11	54	22	3.91
2014-04-04_12	58.5	18.75	3.10
2014-04-04_13	63	15.5	2.28
2014-04-04_14	57	22	1.96
2014-04-04_15	51	28.5	2.28
2014-04-04_16	46.5	34	1.96
2014-04-04_17	45	35	1.96
2014-04-04_18	39	40.5	1.63
2014-04-04_19	51.5	27.5	0.98
2014-04-04_20	45	34	1.96
2014-04-04_21	22.5	54	3.26
2014-04-04_22	16.5	59.5	2.61
2014-04-04_23	5	72	11.41
2014-04-05_00	4.5	69	11.09
2014-04-05_01	2	73.5	32.93
2014-04-05_02	2	74	31.96
2014-04-05_03	1.5	69.5	32.28
2014-04-05_04	1.5	66	24.13
2014-04-05_05	1.5	63.5	39.13
2014-04-05_06	2.5	56.5	47.28
2014-04-05_07	5.5	51	67.17
2014-04-05_08	11	51	71.74
2014-04-05_09	26	48.5	34.57
2014-04-05_10	57	26.5	9.46
2014-04-05_11	70	20.5	5.22
2014-04-05_12	83	12.5	2.61
2014-04-05_13	86	11	2.28
2014-04-05_14	90	11	1.96
2014-04-05_15	92.5	11	1.63
2014-04-05_16	95.5	12.5	1.96
2014-04-05_17	91	15.5	1.63
2014-04-05_18	81	20.5	0.98
2014-04-05_19	67	25.5	0.98
2014-04-05_20	63	22.5	0.65
2014-04-05_21	55.5	25	0.33
2014-04-05_22	53.5	22	0.33
2014-04-05_23	51.5	19.5	0.65
2014-04-06_00	47.5	19.5	0.33
2014-04-06_01	48.5	16	0.00
2014-04-06_02	49.5	12	0.33
2014-04-06_03	44.5	12.5	0.33
2014-04-06_04	41.5	11.5	0.33
2014-04-06_05	36	14	0.33
2014-04-06_06	32	15	0.65
2014-04-06_07	34.5	13	1.30
2014-04-06_08	40	11.5	3.26
2014-04-06_09	49.5	10	2.61
2014-04-06_10	57	8	2.61
2014-04-06_11	62	7.5	1.96
2014-04-06_12	56	9.5	1.96
2014-04-06_13	47.5	11	1.96
2014-04-06_14	43	12.5	1.96
2014-04-06_15	36	17.5	2.61
2014-04-06_16	38	14.5	2.28
2014-04-06_17	37.5	15.5	2.28
2014-04-06_18	34.5	19.5	1.96
2014-04-06_19	27	26	2.28
2014-04-06_20	11.5	40.5	6.20
2014-04-06_21	17.5	26.5	2.93
2014-04-06_22	21	19.5	1.96
2014-04-06_23	20	17	0.98
2014-04-07_00	19.5	15	0.98
2014-04-07_01	18.5	16	1.96
2014-04-07_02	21.5	11	0.65
2014-04-07_03	17.5	13	0.65
2014-04-07_04	16	16	3.26
2014-04-07_05	10	30	13.04
2014-04-07_06	4	38	41.74
2014-04-07_07	6	31	25.43
2014-04-07_08	12.5	24	15.65
2014-04-07_09	29.5	17	8.48
2014-04-07_10	40	13	5.87
2014-04-07_11	55	8	3.26
2014-04-07_12	62	6	2.61
2014-04-07_13	69.5	7.5	2.61
2014-04-07_14	71.75	9	2.61
2014-04-07_15	77	9	2.61
2014-04-07_16	74	12	1.96
2014-04-07_17	72	10	1.30
2014-04-07_18	53	16	0.65
2014-04-07_19	31	22	0.65
2014-04-07_20	54	15	0.00
2014-04-07_21	53	10	0.00
2014-04-07_22	64	7	0.00
2014-04-07_23	68	6	0.00
2014-04-08_00	84	5	0.00
2014-04-08_01	88	6	0.00
2014-04-08_02	83	7	0.00
2014-04-08_03	80	7	0.00
2014-04-08_04	67	12	0.00
2014-04-08_05	45	27	0.65
2014-04-08_06	22	42	1.96
2014-04-08_07	28	37	5.22
2014-04-08_08	47	25	5.22
2014-04-08_09	65	20	4.57
2014-04-08_10	77	15	3.26
2014-04-08_11	80	13	2.93
2014-04-08_12	83.5	11	2.61
2014-04-08_13	78.5	16	3.26
2014-04-08_14	82.5	13	3.26
2014-04-08_15	81	13	1.96
2014-04-08_16	77	17	1.30
2014-04-08_17	77.5	20	1.30
2014-04-08_18	75	20	0.65
2014-04-08_19	74.5	23	0.00
2014-04-08_20	74	21	0.00
2014-04-08_21	69	24	0.00
2014-04-08_22	56	33	0.65
2014-04-08_23	52	32	0.00
2014-04-09_00	51.5	37	0.65
2014-04-09_01	55	30	0.65
2014-04-09_02	47.5	28	0.65
2014-04-09_03	37.5	32	1.30
2014-04-09_04	16.5	47	1.96
2014-04-09_05	2.5	77	30.65
2014-04-09_06	3.5	80	56.74
2014-04-09_07	8.5	64	34.57
2014-04-09_08	13	63	55.43
2014-04-09_09	19	65	63.91
2014-04-09_10	26	67	59.35
2014-04-09_11	52.5	38	15.65
2014-04-09_12	63	27	9.13
2014-04-09_13	68	28	7.83
2014-04-09_14	71.5	27	6.52
2014-04-09_15	75	26	5.87
2014-04-09_16	71.5	30	5.87
2014-04-09_17	69	31	3.91
2014-04-09_18	63	33	2.61
2014-04-09_19	48	47	1.96
2014-04-09_20	23.5	64	1.30
2014-04-09_21	8	83	3.91
2014-04-09_22	3	93	31.30
2014-04-09_23	16.5	57	5.87
2014-04-10_00	20	45	1.96
2014-04-10_01	5.5	65	7.83
2014-04-10_02	11	50	1.96
2014-04-10_03	12.5	42	0.65
2014-04-10_04	6	53	6.52
2014-04-10_05	2	69	63.26
2014-04-10_06	3	77	114.13
2014-04-10_07	5.5	64	121.96
2014-04-10_08	15.5	55	45.00
2014-04-10_09	45	54	34.57
2014-04-10_10	65.5	41	16.96
2014-04-10_11	85	16	4.57
2014-04-10_12	91	13	3.26
2014-04-10_13	94	12	1.96
2014-04-10_14	98	13	1.96
2014-04-10_15	100	15	3.26
2014-04-10_16	97.5	20	2.61
2014-04-10_17	86.5	37	4.57
2014-04-10_18	75	43	3.26
2014-04-10_19	65	50	2.61
2014-04-10_20	64	42	1.30
2014-04-10_21	66.5	24	0.65
2014-04-10_22	58	25	0.65
2014-04-10_23	50	33	0.65
2014-04-11_00	34.5	34	1.30
2014-04-11_01	38.5	24	1.30
2014-04-11_02	37.5	28	1.30
2014-04-11_03	30.5	34	1.30
2014-04-11_04	15	36	1.96
2014-04-11_05	2.5	53	24.13
2014-04-11_06	3	52	40.43
2014-04-11_07	6	48	44.35
2014-04-11_08	16	39	26.74
2014-04-11_09	32	32	16.96
2014-04-11_10	58	24.5	8.80
2014-04-11_11	76.5	19	3.26
2014-04-11_12	78.5	18	3.59
2014-04-11_13	87.5	15.5	3.59
2014-04-11_14	92	16	2.61
2014-04-11_15	95.5	15.5	2.61
2014-04-11_16	90.5	22	2.61
2014-04-11_17	83.5	26	2.61
2014-04-11_18	80.5	29.5	0.98
2014-04-11_19	60	42	0.98
2014-04-11_20	41.5	53	0.98
2014-04-11_21	44	48.5	1.63
2014-04-11_22	41	47	1.30
2014-04-11_23	30	52	0.65
2014-04-12_00	31	48	1.96
2014-04-12_01	37.5	37.5	0.65
2014-04-12_02	29.5	39	0.65
2014-04-12_03	24.5	40.5	0.98
2014-04-12_04	20	38.5	2.28
2014-04-12_05	8.5	48.5	5.87
2014-04-12_06	7	48.5	11.41
2014-04-12_07	21	34	9.46
2014-04-12_08	27	29.5	12.07
2014-04-12_09	32	28	14.35
2014-04-12_10	47.5	23.5	10.11
2014-04-12_11	72.5	18.5	3.91
2014-04-12_12	81	18	2.93
2014-04-12_13	95.5	11.5	1.96
2014-04-12_14	99	13.5	1.96
2014-04-12_15	101.5	16.5	1.30
2014-04-12_16	102	18.5	1.30
2014-04-12_17	101	19.5	0.98
2014-04-12_18	96.5	20	0.65
2014-04-12_19	90	21	0.00
2014-04-12_20	81.5	27.5	0.00
2014-04-12_21	78.5	25	0.00
2014-04-12_22	75.5	21.5	0.33
2014-04-12_23	78.5	21	0.00
2014-04-13_00	88.5	14.5	0.00
2014-04-13_01	85	12.5	0.00
2014-04-13_02	83	10.5	0.00
2014-04-13_03	78.5	11.5	0.00
2014-04-13_04	76	10	0.00
2014-04-13_05	67	14	0.00
2014-04-13_06	63.5	17	0.00
2014-04-13_07	69.5	13.5	0.33
2014-04-13_08	64.5	16.5	1.30
2014-04-13_09	61	19.5	1.96
2014-04-13_10	67.5	15	2.28
2014-04-13_11	67.5	15	1.96
2014-04-13_12	66.5	17.5	1.30
2014-04-13_13	73	15.5	1.30
2014-04-13_14	71.5	18	1.63
2014-04-13_15	73.5	18	0.98
2014-04-13_16	73	17.5	1.30
2014-04-13_17	74	17.5	1.30
2014-04-13_18	71	22	0.98
2014-04-13_19	58.5	32	0.65
2014-04-13_20	51.5	36	0.33
2014-04-13_21	53.5	37.5	0.00
2014-04-13_22	73.5	28	0.00
2014-04-13_23	65.5	32	0.33
2014-04-14_00	66	29	0.00
2014-04-14_01	75.5	17	0.00
2014-04-14_02	72	16.5	0.00
2014-04-14_03	57	27.5	0.33
2014-04-14_04	47	35.5	0.98
2014-04-14_05	27.5	54	3.59
2014-04-14_06	25.5	51.5	5.54
2014-04-14_07	28.5	45.5	11.74
2014-04-14_08	39.5	37	13.04
2014-04-14_09	58	22.5	6.52
2014-04-14_10	72.5	14	3.26
2014-04-14_11	78.5	11.5	2.28
2014-04-14_12	85.5	10	1.96
2014-04-14_13	89	11	1.96
2014-04-14_14	89	10.5	1.96
2014-04-14_15	92.5	12	1.63
2014-04-14_16	92.5	13	1.63
2014-04-14_17	89.5	14	1.30
2014-04-14_18	82.5	18	0.98
2014-04-14_19	74.5	24.5	0.65
2014-04-14_20	70.5	24	0.65
2014-04-14_21	64.5	28.5	0.98
2014-04-14_22	63.5	25.5	1.30
2014-04-14_23	63.5	22	0.65
2014-04-15_00	63	20.5	0.65
2014-04-15_01	61.5	18.5	0.33
2014-04-15_02	65	14.5	0.33
2014-04-15_03	59	16.5	0.00
2014-04-15_04	32	42	2.61
2014-04-15_05	16	59	9.78
2014-04-15_06	15.5	58.5	13.70
2014-04-15_07	28.5	41.5	14.35
2014-04-15_08	47.5	26	9.13
2014-04-15_09	67.5	12.5	2.93
2014-04-15_10	71	11	1.96
2014-04-15_11	75.3	10.3	2.29
2014-04-15_12	79.5	9.5	2.61
2014-04-15_13	84	8.5	1.63
2014-04-15_14	87.5	10	2.28
2014-04-15_15	91	10	0.65
2014-04-15_16	91	12	2.28
2014-04-15_17	88	13	2.28
2014-04-15_18	80	16	1.63
2014-04-15_19	59	29.5	1.63
2014-04-15_20	54	32.5	1.63
2014-04-15_21	57	21.5	0.65
2014-04-15_22	45	27	0.65
2014-04-15_23	49	21.5	0.65
2014-04-16_00	53	16	0.00
2014-04-16_01	52	14.5	0.00
2014-04-16_02	44	18	0.33
2014-04-16_03	38	20	0.00
2014-04-16_04	28	27	0.98
2014-04-16_05	11	44.5	7.17
2014-04-16_06	10	51	13.70
2014-04-16_07	20	43	16.30
2014-04-16_08	38	35	14.35
2014-04-16_09	58.5	19	5.54
2014-04-16_10	76.5	11	1.96
2014-04-16_11	82	9.5	1.63
2014-04-16_12	88.5	9	1.63
2014-04-16_13	91.5	9	1.63
2014-04-16_14	94.5	9.5	1.30
2014-04-16_15	99	8	1.30
2014-04-16_16	99	9	0.98
2014-04-16_17	99.5	10	0.65
2014-04-16_18	95	13.5	0.98
2014-04-16_19	83.5	20	0.33
2014-04-16_20	60.5	37.5	0.65
2014-04-16_21	38	57.5	3.59
2014-04-16_22	45.5	46.5	3.91
2014-04-16_23	66.5	22.5	0.33
2014-04-17_00	66	19.5	1.30
2014-04-17_01	62.5	18.5	0.65
2014-04-17_02	62.5	13.5	0.00
2014-04-17_03	50.5	22.5	1.63
2014-04-17_04	32	39.5	2.28
2014-04-17_05	23	47	10.11
2014-04-17_06	13	57	24.13
2014-04-17_07	18	52	25.43
2014-04-17_08	29.5	45	23.15
2014-04-17_09	52	25.5	9.46
2014-04-17_10	64	17	5.87
2014-04-17_11	74.5	15.5	3.59
2014-04-17_12	72.5	21.5	5.87
2014-04-17_13	68.5	32	9.46
2014-04-17_14	62	49	15.65
2014-04-17_15	66.5	48	11.74
2014-04-17_16	75	39.5	7.17
2014-04-17_17	92.5	28	2.93
2014-04-17_18	96.5	29	0.98
2014-04-17_19	82.5	42	0.65
2014-04-17_20	76.5	47.5	0.33
2014-04-17_21	92	32	0.00
2014-04-17_22	82.5	37.5	0.00
2014-04-17_23	91.5	24.5	0.00
2014-04-18_00	96	14.5	0.00
2014-04-18_01	95	9	0.00
2014-04-18_02	88	10	0.00
2014-04-18_03	76.5	13.5	0.33
2014-04-18_04	64.5	16	0.33
2014-04-18_05	52	25	1.30
2014-04-18_06	43	32	2.61
2014-04-18_07	39.5	32.5	4.24
2014-04-18_08	45.5	27	6.20
2014-04-18_09	55.5	22	5.54
2014-04-18_10	69.5	17.5	4.57
2014-04-18_11	81.5	15	2.93
2014-04-18_12	86	13.5	2.28
2014-04-18_13	85	17	2.93
2014-04-18_14	85	17	2.61
2014-04-18_15	90	12.5	1.96
2014-04-18_16	89.5	14.5	1.63
2014-04-18_17	88	16.5	1.96
2014-04-18_18	82	22.5	1.63
2014-04-18_19	72	25.5	0.65
2014-04-18_20	60.5	35	0.98
2014-04-18_21	56	37	0.33
2014-04-18_22	54.5	33	1.63
2014-04-18_23	51.5	29.5	0.65
2014-04-19_00	57.5	21	0.00
2014-04-19_01	61.5	14.5	0.33
2014-04-19_02	59	15	0.65
2014-04-19_03	54.5	16.5	0.33
2014-04-19_04	46.5	21	0.65
2014-04-19_05	38	28.5	0.98
2014-04-19_06	38	28	2.28
2014-04-19_07	42.5	23	5.22
2014-04-19_08	50.5	17.5	4.89
2014-04-19_09	58	13	3.26
2014-04-19_10	67	10	2.61
2014-04-19_11	77.5	8	1.63
2014-04-19_12	83.5	6.5	0.65
2014-04-19_13	88	7	0.98
2014-04-19_14	87	8	0.98
2014-04-19_15	82.5	11	0.65
2014-04-19_16	77	16.5	0.65
2014-04-19_17	71	22	1.30
2014-04-19_18	60.5	31	1.30
2014-04-19_19	54.5	33.5	0.98
2014-04-19_20	48.5	33	0.65
2014-04-19_21	44.5	36.5	0.98
2014-04-19_22	40.5	38	0.65
2014-04-19_23	36.5	40	0.65
2014-04-20_00	33.5	39	0.33
2014-04-20_01	37	31.5	0.65
2014-04-20_02	40	22	0.33
2014-04-20_03	41.5	17	0.65
2014-04-20_04	43.5	15.5	0.65
2014-04-20_05	44	16.5	0.65
2014-04-20_06	44	19	0.65
2014-04-20_07	47.5	17.5	1.30
2014-04-20_08	50.5	14	1.63
2014-04-20_09	65	7.5	1.63
2014-04-20_10	72.5	6.5	0.98
2014-04-20_11	83.5	6.5	0.65
2014-04-20_12	94	5.5	0.33
2014-04-20_13	98.5	5	0.65
2014-04-20_14	100	6	0.33
2014-04-20_15	99.5	6	0.00
2014-04-20_16	97.5	7.5	0.00
2014-04-20_17	95	12.5	0.33
2014-04-20_18	91.5	14	0.33
2014-04-20_19	80.5	26.5	0.65
2014-04-20_20	67.5	34.5	0.65
2014-04-20_21	57	38	0.98
2014-04-20_22	40	50.5	1.63
2014-04-20_23	36	51	0.98
2014-04-21_00	40	42	0.65
2014-04-21_01	23.5	54.5	1.96
2014-04-21_02	15	65.5	2.28
2014-04-21_03	20.5	46	0.98
2014-04-21_04	25	41.5	2.61
2014-04-21_05	27	38	2.28
2014-04-21_06	39	30	1.63
2014-04-21_07	57	24.5	1.63
2014-04-21_08	61.5	24.5	1.63
2014-04-21_09	57.5	34.5	4.89
2014-04-21_10	78.5	20.5	2.28
2014-04-21_11	93	12	1.63
2014-04-21_12	98.5	11	0.98
2014-04-21_13	96.5	13.5	1.63
2014-04-21_14	97	14	1.63
2014-04-21_15	97	14.5	0.98
2014-04-21_16	96	16	0.98
2014-04-21_17	93	19.5	0.33
2014-04-21_18	87.5	22	0.65
2014-04-21_19	75.5	29	0.33
2014-04-21_20	60	37	0.33
2014-04-21_21	37	56.5	1.96
2014-04-21_22	38.5	49	0.98
2014-04-21_23	33	52	2.28
2014-04-22_00	30.5	43.5	1.96
2014-04-22_01	27	41	1.63
2014-04-22_02	27.5	39.5	0.98
2014-04-22_03	22.5	38.5	1.30
2014-04-22_04	10.5	46	7.17
2014-04-22_05	8.5	53	10.76
2014-04-22_06	3.5	66.5	32.61
2014-04-22_07	8.5	62.5	38.15
2014-04-22_08	14	56	29.67
2014-04-22_09	31	46.5	22.83
2014-04-22_10	62	29.5	9.78
2014-04-22_11	73	24	6.20
2014-04-22_12	85.5	15	2.28
2014-04-22_13	95.5	11	1.63
2014-04-22_14	99	9.5	1.30
2014-04-22_15	90	15	0.98
2014-04-22_16	66.5	31	1.63
2014-04-22_17	48	42.5	5.54
2014-04-22_18	52.5	34.5	5.22
2014-04-22_19	40	35.5	3.59
2014-04-22_20	29.5	37	1.63
2014-04-22_21	19	43	1.96
2014-04-22_22	13	47.5	7.83
2014-04-22_23	22.5	33	1.63
2014-04-23_00	22.5	29	1.63
2014-04-23_01	15	35	7.83
2014-04-23_02	16.5	27.5	1.96
2014-04-23_03	8.5	33	8.80
2014-04-23_04	3	33	9.46
2014-04-23_05	1.5	36	32.93
2014-04-23_06	2.5	34	56.09
2014-04-23_07	4.5	36.5	55.43
2014-04-23_08	8.5	34.5	46.63
2014-04-23_09	17	28.5	36.52
2014-04-23_10	35.5	24.5	17.61
2014-04-23_11	69	15.5	6.20
2014-04-23_12	72.5	18	4.89
2014-04-23_13	83.5	15.5	2.93
2014-04-23_14	97	9	1.96
2014-04-23_15	97	10.5	1.30
2014-04-23_16	92	18	1.63
2014-04-23_17	85.5	26	1.63
2014-04-23_18	80.5	31.5	0.65
2014-04-23_19	83	26.5	0.00
2014-04-23_20	54.5	48.5	0.65
2014-04-23_21	53	43	1.63
2014-04-23_22	64.5	23.5	0.33
2014-04-23_23	62	25	0.33
2014-04-24_00	61.5	21	0.33
2014-04-24_01	60	19.5	0.98
2014-04-24_02	58.5	22.5	0.98
2014-04-24_03	54	22.5	0.98
2014-04-24_04	45	23.5	0.98
2014-04-24_05	24.5	44.5	2.28
2014-04-24_06	7.5	72	23.80
2014-04-24_07	6	76	38.15
2014-04-24_08	9.5	72.5	36.52
2014-04-24_09	9.5	72.5	44.02
2014-04-24_10	13	68.5	35.54
2014-04-24_11	56	30.5	12.72
2014-04-24_12	79	16	4.24
2014-04-24_13	84.5	11.5	2.93
2014-04-24_14	94	10.5	1.30
2014-04-24_15	93.5	10.5	1.63
2014-04-24_16	91	13	1.63
2014-04-24_17	86	15	1.30
2014-04-24_18	56	36.5	3.26
2014-04-24_19	51	38.5	2.28
2014-04-24_20	48.5	36.5	0.65
2014-04-24_21	45.5	31	0.65
2014-04-24_22	41.5	29.5	0.98
2014-04-24_23	36	29	0.98
2014-04-25_00	33.5	25	0.98
2014-04-25_01	34.5	23	1.63
2014-04-25_02	43	18	0.33
2014-04-25_03	39	22	0.98
2014-04-25_04	13.5	49	9.78
2014-04-25_05	5.5	64.5	19.57
2014-04-25_06	2	67.5	30.98
2014-04-25_07	4.5	63.5	42.39
2014-04-25_08	14	56.5	30.00
2014-04-25_09	13	54	15.98
2014-04-25_10	25	38.5	12.72
2014-04-25_11	17.5	29.5	11.09
2014-04-25_12	42.5	27.5	5.22
2014-04-25_13	39.5	31.5	4.24
2014-04-25_14	51.5	27.5	4.57
2014-04-25_15	58	24	4.24
2014-04-25_16	63	21.5	4.57
2014-04-25_17	65.5	23	1.96
2014-04-25_18	66	27	1.30
2014-04-25_19	62.5	29	0.65
2014-04-25_20	58.5	27	0.00
2014-04-25_21	50.5	29.5	0.33
2014-04-25_22	44	29	0.65
2014-04-25_23	39	28	1.30
2014-04-26_00	33	29	0.98
2014-04-26_01	32	24	1.30
2014-04-26_02	33	18.5	0.65
2014-04-26_03	34	18.5	0.65
2014-04-26_04	32	18.5	0.98
2014-04-26_05	28	22	1.63
2014-04-26_06	35	19	2.61
2014-04-26_07	44.5	16	2.61
2014-04-26_08	56	15	1.96
2014-04-26_09	60	16	1.63
2014-04-26_10	55.5	18	2.93
2014-04-26_11	59	15	2.28
2014-04-26_12	58.5	13	0.98
2014-04-26_13	53.5	15.5	1.30
2014-04-26_14	49	18	2.28
2014-04-26_15	53.5	14.5	2.28
2014-04-26_16	57.5	11	1.96
2014-04-26_17	57	13.5	1.63
2014-04-26_18	49	18.5	1.63
2014-04-26_19	40	23.5	1.96
2014-04-26_20	43.5	25	1.30
2014-04-26_21	37	34	2.93
2014-04-26_22	43	22.5	0.98
2014-04-26_23	37	24	0.98
2014-04-27_00	38	21	1.96
2014-04-27_01	38	19.5	0.98
2014-04-27_02	48	16	0.00
2014-04-27_03	55	9.5	0.00
2014-04-27_04	55.5	9	0.00
2014-04-27_05	54.5	9	0.00
2014-04-27_06	53	10.5	0.33
2014-04-27_07	56	9	0.65
2014-04-27_08	56.5	9	0.98
2014-04-27_09	58.5	11	0.98
2014-04-27_10	75	10.5	1.63
2014-04-27_11	79.5	11	1.30
2014-04-27_12	83.5	9	1.96
2014-04-27_13	83.5	6	1.30
2014-04-27_14	85	6	0.98
2014-04-27_15	87.5	6	0.98
2014-04-27_16	84	8	0.65
2014-04-27_17	77.5	11.5	1.63
2014-04-27_18	73	17	2.28
2014-04-27_19	67	19.5	1.30
2014-04-27_20	61	19.5	0.98
2014-04-27_21	63	15	0.65
2014-04-27_22	53.5	15.5	0.33
2014-04-27_23	48	14	0.33
2014-04-28_00	50.5	10.5	0.00
2014-04-28_01	50.5	10	0.00
2014-04-28_02	47.5	10.5	0.00
2014-04-28_03	48.5	10	0.33
2014-04-28_04	40	15.5	0.98
2014-04-28_05	28.5	27	3.91
2014-04-28_06	22.5	36	8.80
2014-04-28_07	27.5	35.5	10.76
2014-04-28_08	39	26.5	6.85
2014-04-28_09	53.5	18.5	3.59
2014-04-28_10	57.5	18	3.59
2014-04-28_11	62	18	4.24
2014-04-28_12	68	14.5	3.26
2014-04-28_13	72	12	2.93
2014-04-28_14	78.5	10.5	1.96
2014-04-28_15	81.5	10.5	1.96
2014-04-28_16	73.5	17	1.96
2014-04-28_17	73	17.5	1.63
2014-04-28_18	67.5	24.5	1.63
2014-04-28_19	56.5	34.5	2.28
2014-04-28_20	41	45	1.63
2014-04-28_21	27	52.5	4.24
2014-04-28_22	26.5	48	2.61
2014-04-28_23	32.5	37	1.30
2014-04-29_00	27	40	1.63
2014-04-29_01	29.5	33	0.98
2014-04-29_02	18.5	34	3.59
2014-04-29_03	13	38	2.61
2014-04-29_04	6	42	10.11
2014-04-29_05	2.5	46.5	39.46
2014-04-29_06	4.5	42.5	59.67
2014-04-29_07	11.5	41	45.33
2014-04-29_08	16.5	39.5	34.57
2014-04-29_09	24	32	22.50
2014-04-29_10	35	24	11.09
2014-04-29_11	39.5	18.5	6.85
2014-04-29_12	54.5	15	4.24
2014-04-29_13	68.5	14	4.24
2014-04-29_14	69	17	3.59
2014-04-29_15	66	18.5	2.61
2014-04-29_16	52.5	28.5	3.91
2014-04-29_17	43.5	34	2.61
2014-04-29_18	39.5	41	3.26
2014-04-29_19	33.5	51.5	6.20
2014-04-29_20	28.5	58.5	4.24
2014-04-29_21	32.5	53.5	1.63
2014-04-29_22	36	45.5	0.33
2014-04-29_23	46.5	29.5	0.65
2014-04-30_00	41	26	0.98
2014-04-30_01	42.5	21	0.65
2014-04-30_02	34.5	22	0.33
2014-04-30_03	23	30.5	0.65
2014-04-30_04	9	45.5	8.15
2014-04-30_05	4.5	57.5	22.17
2014-04-30_06	5	61	49.57
2014-04-30_07	12.5	48.5	33.59
2014-04-30_08	23	37	26.09
2014-04-30_09	32	31	19.89
2014-04-30_10	43	27	13.70
2014-04-30_11	61	21	5.22
2014-04-30_12	72	18.5	2.93
2014-04-30_13	69	22	2.28
2014-04-30_14	75	21.5	2.93
2014-04-30_15	73.5	26.5	1.30
2014-04-30_16	63.5	39.5	2.28
2014-04-30_17	42	63.5	6.20
2014-04-30_18	25	79.5	6.52
2014-04-30_19	18.5	82	8.80
2014-04-30_20	14.5	81.5	5.22
2014-04-30_21	7.5	89.5	20.87
2014-04-30_22	4.5	86.5	18.91
2014-04-30_23	4	85	23.48
2014-05-01_00	11.5	66	16.96
2014-05-01_01	9.5	49.5	14.35
2014-05-01_02	9	48.5	4.57
2014-05-01_03	9	44	4.57
2014-05-01_04	13	38	2.61
2014-05-01_05	16	33.5	3.26
2014-05-01_06	22	27.5	5.22
2014-05-01_07	30	20	5.22
2014-05-01_08	29	21.5	4.89
2014-05-01_09	33.5	21.5	6.85
2014-05-01_10	50.5	12.5	3.91
2014-05-01_11	62	9.5	0.98
2014-05-01_12	51.5	13	0.98
2014-05-01_13	52.5	16	1.30
2014-05-01_14	67	12	1.96
2014-05-01_15	62	15.5	2.28
2014-05-01_16	54.5	18	3.26
2014-05-01_17	53	21.5	1.96
2014-05-01_18	40	35	1.30
2014-05-01_19	28.5	40	1.63
2014-05-01_20	17	50.5	1.63
2014-05-01_21	15	51.5	3.59
2014-05-01_22	44	27	0.00
2014-05-01_23	36	35.5	0.00
2014-05-02_00	59.5	17	0.00
2014-05-02_01	56	12.5	0.00
2014-05-02_02	53	11.5	0.00
2014-05-02_03	52	12.5	0.00
2014-05-02_04	56.5	14	0.00
2014-05-02_05	42	29	0.65
2014-05-02_06	26	43	6.52
2014-05-02_07	28	38.5	7.83
2014-05-02_08	31.5	38	4.57
2014-05-02_09	31	34.5	5.87
2014-05-02_10	36	29	6.85
2014-05-02_11	45	25	5.22
2014-05-02_12	58.5	22.5	4.89
2014-05-02_13	60	24.5	5.54
2014-05-02_14	65	17.5	4.24
2014-05-02_15	73.5	16.5	2.61
2014-05-02_16	81.5	15.5	0.98
2014-05-02_17	87	15.5	0.98
2014-05-02_18	89	14	0.00
2014-05-02_19	83	15	0.00
2014-05-02_20	81	17	0.00
2014-05-02_21	82	16.5	0.00
2014-05-02_22	83	16.5	0.00
2014-05-02_23	81	15.5	0.00
2014-05-03_00	80.5	13	0.00
2014-05-03_01	76.5	13.5	0.33
2014-05-03_02	70	13	2.93
2014-05-03_03	66.5	13	0.00
2014-05-03_04	59.5	16.5	0.33
2014-05-03_05	55.5	16.5	0.00
2014-05-03_06	48	21.5	1.63
2014-05-03_07	47	22	3.91
2014-05-03_08	53.5	16.5	5.22
2014-05-03_09	61.5	12.5	3.91
2014-05-03_10	73	11.5	2.93
2014-05-03_11	78	12	2.28
2014-05-03_12	87	10	1.30
2014-05-03_13	93	10.5	1.63
2014-05-03_14	99	10	0.98
2014-05-03_15	102.5	10.5	1.30
2014-05-03_16	103.5	11	1.30
2014-05-03_17	101.5	13	0.98
2014-05-03_18	93.5	18	0.33
2014-05-03_19	77.5	28.5	0.98
2014-05-03_20	64.5	37.5	0.98
2014-05-03_21	56	43	0.65
2014-05-03_22	45	52	0.65
2014-05-03_23	47	44.5	0.33
2014-05-04_00	45	39	0.33
2014-05-04_01	56	23	0.00
2014-05-04_02	57	18.5	0.33
2014-05-04_03	53.5	18.5	0.00
2014-05-04_04	47	22	0.00
2014-05-04_05	36	32	0.00
2014-05-04_06	34	35.5	3.26
2014-05-04_07	43	29.5	6.20
2014-05-04_08	57.5	19.5	4.24
2014-05-04_09	65.5	13	2.93
2014-05-04_10	83	11	1.96
2014-05-04_11	98	9.5	0.98
2014-05-04_12	104	8.5	0.33
2014-05-04_13	109.5	9	0.33
2014-05-04_14	112.5	10	0.65
2014-05-04_15	115	10.5	0.65
2014-05-04_16	116	12	0.65
2014-05-04_17	117	12.5	0.65
2014-05-04_18	115	15.5	0.33
2014-05-04_19	108.5	18.5	0.33
2014-05-04_20	79.5	39.5	0.33
2014-05-04_21	56	58.5	0.33
2014-05-04_22	55	57.5	0.00
2014-05-04_23	60.5	39.5	1.30
2014-05-05_00	61.5	33	0.00
2014-05-05_01	61	27.5	0.00
2014-05-05_02	51.5	29	0.00
2014-05-05_03	38.5	38.5	9.13
2014-05-05_04	21	51.5	10.43
2014-05-05_05	9	63.5	43.04
2014-05-05_06	9	74.5	96.52
2014-05-05_07	21	68	44.02
2014-05-05_08	39.5	52.5	25.76
2014-05-05_09	81	24.5	5.87
2014-05-05_10	100.5	15	1.96
2014-05-05_11	106	12	0.98
2014-05-05_12	109.5	11	0.98
2014-05-05_13	113.5	10.5	0.65
2014-05-05_14	114	11.5	0.98
2014-05-05_15	117.5	12.5	0.65
2014-05-05_16	115	16	1.30
2014-05-05_17	112	16	1.30
2014-05-05_18	107	19.5	0.65
2014-05-05_19	91	29	0.65
2014-05-05_20	81.5	32.5	0.33
2014-05-05_21	72.5	37.5	0.33
2014-05-05_22	78.5	28	0.00
2014-05-05_23	62	32.5	0.33
2014-05-06_00	50	37	0.65
2014-05-06_01	55	29.5	0.33
2014-05-06_02	56	24.5	0.33
2014-05-06_03	54	23.5	0.00
2014-05-06_04	44	31	1.96
2014-05-06_05	20.5	54	5.87
2014-05-06_06	5	73.5	33.59
2014-05-06_07	11.5	65.5	27.07
2014-05-06_08	27.5	52	12.07
2014-05-06_09	49	33	9.13
2014-05-06_10	64.5	19.5	5.22
2014-05-06_11	71.5	15.5	3.59
2014-05-06_12	68.5	15.5	2.93
2014-05-06_13	69	16.5	3.59
2014-05-06_14	72.5	14	2.61
2014-05-06_15	72.5	13.5	2.61
2014-05-06_16	75	14.5	2.28
2014-05-06_17	80	13.5	1.63
2014-05-06_18	79.5	14.5	0.98
2014-05-06_19	75.5	15.5	0.65
2014-05-06_20	61	21	0.33
2014-05-06_21	59.5	19	0.00
2014-05-06_22	68.5	13.5	0.00
2014-05-06_23	79.5	10.5	0.00
2014-05-07_00	80	9	0.00
2014-05-07_01	77.5	9.5	0.00
2014-05-07_02	72.5	9.5	0.00
2014-05-07_03	63	12	0.00
2014-05-07_04	50.5	20	0.33
2014-05-07_05	40.5	30.5	2.61
2014-05-07_06	33	38.5	6.20
2014-05-07_07	36.5	39	6.52
2014-05-07_08	43	32.5	6.20
2014-05-07_09	52.5	23	4.89
2014-05-07_10	60	18.5	5.87
2014-05-07_11	64	15.5	3.26
2014-05-07_12	68	13	2.93
2014-05-07_13	60.5	18.5	3.59
2014-05-07_14	61.5	16.5	4.24
2014-05-07_15	60.5	19.5	4.57
2014-05-07_16	54.5	23.5	5.22
2014-05-07_17	55	24.5	6.52
2014-05-07_18	57	24	2.28
2014-05-07_19	50	30.5	1.63
2014-05-07_20	44	40.5	1.96
2014-05-07_21	63.5	25	0.00
2014-05-07_22	63.5	25	0.00
2014-05-07_23	45	39.5	0.00
2014-05-08_00	36.5	47	1.96
2014-05-08_01	43	33.5	0.33
2014-05-08_02	66	14	0.00
2014-05-08_03	68.5	9.5	0.00
2014-05-08_04	69.5	11.5	0.00
2014-05-08_05	69	13	0.00
2014-05-08_06	59	18	0.33
2014-05-08_07	55	18.5	1.30
2014-05-08_08	59.5	12.5	2.28
2014-05-08_09	62	12	0.98
2014-05-08_10	69.5	8.5	1.30
2014-05-08_11	71	8.5	0.98
2014-05-08_12	67.5	7.5	0.98
2014-05-08_13	60.5	8	1.30
2014-05-08_14	54.5	12	1.30
2014-05-08_15	51.5	13	0.65
2014-05-08_16	47.5	14	1.96
2014-05-08_17	47	12.5	0.98
2014-05-08_18	46	12.5	0.98
2014-05-08_19	47	12	0.33
2014-05-08_20	45	11.5	0.33
2014-05-08_21	42	13	0.00
2014-05-08_22	41.5	11.5	0.00
2014-05-08_23	42	11	0.33
2014-05-09_00	45	8.5	0.00
2014-05-09_01	45.5	7.5	0.00
2014-05-09_02	46	8	0.00
2014-05-09_03	41.5	10	0.33
2014-05-09_04	35.5	13	0.33
2014-05-09_05	27	23	1.96
2014-05-09_06	22.5	32	6.20
2014-05-09_07	30.5	30.5	6.20
2014-05-09_08	42	24	5.54
2014-05-09_09	60	16.5	4.24
2014-05-09_10	71.5	11	2.93
2014-05-09_11	71.5	12	2.61
2014-05-09_12	77.5	10.5	1.96
2014-05-09_13	80	10	1.63
2014-05-09_14	79	12	1.96
2014-05-09_15	76.5	13.5	2.28
2014-05-09_16	76.5	13	1.96
2014-05-09_17	79	12.5	1.96
2014-05-09_18	72.5	17.5	0.98
2014-05-09_19	71	17	0.33
2014-05-09_20	68	20.5	0.00
2014-05-09_21	60.5	26	0.00
2014-05-09_22	56	30	0.00
2014-05-09_23	58.5	25	0.00
2014-05-10_00	46	34.5	0.33
2014-05-10_01	55	21	0.00
2014-05-10_02	61	11	0.00
2014-05-10_03	54	11.5	0.00
2014-05-10_04	49.5	13.5	0.00
2014-05-10_05	50	14	0.33
2014-05-10_06	53	13.5	0.98
2014-05-10_07	54.5	13.5	0.98
2014-05-10_08	54	12.5	1.96
2014-05-10_09	48.5	16.5	1.63
2014-05-10_10	44.5	19	3.59
2014-05-10_11	42	17	2.93
2014-05-10_12	41	15	2.61
2014-05-10_13	36.5	15.5	3.59
2014-05-10_14	30	17	2.93
2014-05-10_15	30.5	14.5	3.91
2014-05-10_16	40	10	2.93
2014-05-10_17	48	14	2.28
2014-05-10_18	51.5	23	1.30
2014-05-10_19	46	26	1.30
2014-05-10_20	52	22.5	0.65
2014-05-10_21	66	14.5	0.00
2014-05-10_22	70	14	0.00
2014-05-10_23	65	13.5	0.00
2014-05-11_00	72	9.5	0.00
2014-05-11_01	64.5	9	0.00
2014-05-11_02	64	6.5	0.00
2014-05-11_03	65	6	0.00
2014-05-11_04	63	5	0.00
2014-05-11_05	64	5.5	0.00
2014-05-11_06	64.5	6	0.98
2014-05-11_07	67	6	0.65
2014-05-11_08	65	6.5	0.98
2014-05-11_09	68.5	8	0.98
2014-05-11_10	72	8	0.98
2014-05-11_11	73	8.5	1.96
2014-05-11_12	73.5	8	2.28
2014-05-11_13	76.5	6	0.65
2014-05-11_14	75	7	3.26
2014-05-11_15	79	6.5	1.63
2014-05-11_16	76.5	9.5	1.96
2014-05-11_17	76	10	0.98
2014-05-11_18	65	15.5	1.96
2014-05-11_19	62	17.5	0.65
2014-05-11_20	58	21	0.65
2014-05-11_21	70	11	0.00
2014-05-11_22	64.5	14.5	0.00
2014-05-11_23	61.5	12.5	0.00
2014-05-12_00	61	9.5	0.00
2014-05-12_01	61.5	7.5	0.00
2014-05-12_02	58.5	7	0.33
2014-05-12_03	51.5	9.5	0.00
2014-05-12_04	44.5	15.5	0.33
2014-05-12_05	36	24.5	1.96
2014-05-12_06	31	33.5	8.80
2014-05-12_07	42.5	27.5	8.48
2014-05-12_08	46	25.5	7.50
2014-05-12_09	52.5	20	6.20
2014-05-12_10	55	19	4.89
2014-05-12_11	61	13	4.57
2014-05-12_12	56.5	17	3.91
2014-05-12_13	56	19.5	5.87
2014-05-12_14	61	19.5	2.28
2014-05-12_15	53.5	28.5	4.57
2014-05-12_16	49.5	35.5	9.13
2014-05-12_17	59	25	4.24
2014-05-12_18	64	21.5	2.61
2014-05-12_19	60	26.5	1.63
2014-05-12_20	54.5	27.5	0.65
2014-05-12_21	52	29.5	0.00
2014-05-12_22	54.5	26	0.00
2014-05-12_23	47.5	26	0.00
2014-05-13_00	49	22.5	0.00
2014-05-13_01	57	15	0.00
2014-05-13_02	59.5	12.5	0.00
2014-05-13_03	51.5	16.5	0.33
2014-05-13_04	41.5	24.5	1.30
2014-05-13_05	21.5	43	6.20
2014-05-13_06	19.5	48	8.80
2014-05-13_07	23	44.5	15.65
2014-05-13_08	36	33	15.65
2014-05-13_09	41.5	27	11.09
2014-05-13_10	55.5	20	7.50
2014-05-13_11	63.5	15.5	3.59
2014-05-13_12	64.5	19.5	4.24
2014-05-13_13	68.5	18.5	4.24
2014-05-13_14	67	22	6.52
2014-05-13_15	70.5	18.5	5.54
2014-05-13_16	69	22	2.61
2014-05-13_17	55	34	6.85
2014-05-13_18	65.5	21.5	3.59
2014-05-13_19	62.5	22.5	1.30
2014-05-13_20	61	22	0.00
2014-05-13_21	43.5	35	0.98
2014-05-13_22	9.5	69.5	15.65
2014-05-13_23	9	66	10.76
2014-05-14_00	11	57	5.54
2014-05-14_01	9.5	53.5	33.26
2014-05-14_02	5	57	47.61
2014-05-14_03	4	53	10.43
2014-05-14_04	1.5	57	28.04
2014-05-14_05	2.5	58.5	99.46
2014-05-14_06	4	62	101.09
2014-05-14_07	12	59	69.78
2014-05-14_08	21	58	45.33
2014-05-14_09	26	51.5	40.43
2014-05-14_10	45	40	22.17
2014-05-14_11	72	19	5.87
2014-05-14_12	81	12.5	2.61
2014-05-14_13	85.5	10.5	1.96
2014-05-14_14	92.5	8.5	0.98
2014-05-14_15	94	9	1.30
2014-05-14_16	92	9.5	1.63
2014-05-14_17	92	10	0.98
2014-05-14_18	94.5	11.5	0.33
2014-05-14_19	80.5	19	0.65
2014-05-14_20	71	24.5	0.00
2014-05-14_21	68	29	0.00
2014-05-14_22	64.5	30	0.00
2014-05-14_23	61	32.5	0.00
2014-05-15_00	61	27	0.00
2014-05-15_01	35	46	3.59
2014-05-15_02	39	40	0.98
2014-05-15_03	46	28.5	0.00
2014-05-15_04	33.5	39.5	3.26
2014-05-15_05	21	52	9.13
2014-05-15_06	25	54.5	15.65
2014-05-15_07	39	39	14.02
2014-05-15_08	57	23.5	7.83
2014-05-15_09	75	14.5	4.89
2014-05-15_10	78	9	2.61
2014-05-15_11	81	10	3.26
2014-05-15_12	89	9	2.61
2014-05-15_13	94.5	9.5	1.96
2014-05-15_14	97.5	9.5	1.96
2014-05-15_15	98	11.5	2.28
2014-05-15_16	94.5	13	2.61
2014-05-15_17	96	14	1.63
2014-05-15_18	85.5	19	1.63
2014-05-15_19	76.5	24.5	0.98
2014-05-15_20	60	36.5	1.30
2014-05-15_21	58	34.5	0.33
2014-05-15_22	58.5	29.5	0.33
2014-05-15_23	52	25	1.30
2014-05-16_00	41	28	0.00
2014-05-16_01	40	26	0.65
2014-05-16_02	42.5	18	0.65
2014-05-16_03	43	14.5	0.33
2014-05-16_04	37	20.5	0.98
2014-05-16_05	12.5	45	10.76
2014-05-16_06	15	44	21.20
2014-05-16_07	31	27.5	14.02
2014-05-16_08	41.5	20	9.46
2014-05-16_09	53	17	6.85
2014-05-16_10	70.5	11.5	3.26
2014-05-16_11	84	9.5	2.28
2014-05-16_12	89	10	1.63
2014-05-16_13	91	12	1.96
2014-05-16_14	90	13	2.61
2014-05-16_15	100.5	12	1.96
2014-05-16_16	101	14.5	1.96
2014-05-16_17	97.5	15	2.28
2014-05-16_18	96	19	1.96
2014-05-16_19	91.5	25	0.65
2014-05-16_20	78.5	31.5	0.33
2014-05-16_21	60	47	0.00
2014-05-16_22	37.5	68	1.63
2014-05-16_23	52.5	44.5	0.33
2014-05-17_00	66	27	0.00
2014-05-17_01	63	24.5	0.33
2014-05-17_02	57.5	26.5	0.33
2014-05-17_03	52.5	25	0.00
2014-05-17_04	41.5	29	0.00
2014-05-17_05	32.5	37	3.26
2014-05-17_06	33	34	4.89
2014-05-17_07	44	27	6.85
2014-05-17_08	54	20.5	5.54
2014-05-17_09	66	18	4.89
2014-05-17_10	82	13	2.28
2014-05-17_11	93.5	11.5	1.96
2014-05-17_12	101.5	10.5	0.98
2014-05-17_13	107	11.5	1.30
2014-05-17_14	112.5	13	1.63
2014-05-17_15	122	10.5	0.98
2014-05-17_16	123	10.5	0.65
2014-05-17_17	123	13	0.33
2014-05-17_18	121.5	15.5	0.33
2014-05-17_19	113.5	22	0.65
2014-05-17_20	92	38	0.33
2014-05-17_21	61.5	58.5	2.28
2014-05-17_22	55	66	1.30
2014-05-17_23	53.5	54	0.00
2014-05-18_00	63	46	0.00
2014-05-18_01	48	55.5	0.65
2014-05-18_02	51	40.5	0.00
2014-05-18_03	41	43.5	0.33
2014-05-18_04	29	54.5	1.63
2014-05-18_05	24	53.5	2.93
2014-05-18_06	36	44	7.17
2014-05-18_07	60.5	25	3.59
2014-05-18_08	76	14.5	2.28
2014-05-18_09	79	15	2.93
2014-05-18_10	101	12	1.63
2014-05-18_11	116	10	0.33
2014-05-18_12	122	8.5	0.33
2014-05-18_13	123.5	7	0.00
2014-05-18_14	119	7	0.00
2014-05-18_15	117	7.5	0.33
2014-05-18_16	114.5	8	0.33
2014-05-18_17	113	10	0.00
2014-05-18_18	108.5	12.5	0.33
2014-05-18_19	103.5	13.5	0.00
2014-05-18_20	98	19	0.00
2014-05-18_21	91	24.5	0.33
2014-05-18_22	87	23.5	0.00
2014-05-18_23	82	23	0.00
2014-05-19_00	89	16	0.00
2014-05-19_01	91.5	11	0.00
2014-05-19_02	90.5	8.5	0.00
2014-05-19_03	81.5	10.5	0.00
2014-05-19_04	65	20.5	0.33
2014-05-19_05	35.5	45.5	6.85
2014-05-19_06	30	49	12.39
2014-05-19_07	39	40.5	15.65
2014-05-19_08	50	37.5	12.72
2014-05-19_09	69.5	31	8.48
2014-05-19_10	100.5	19	2.61
2014-05-19_11	107.5	14	1.63
2014-05-19_12	115	9	0.65
2014-05-19_13	119.5	8.5	0.33
2014-05-19_14	122.5	8	0.65
2014-05-19_15	121	11	0.65
2014-05-19_16	123.5	14	1.30
2014-05-19_17	119.5	15	1.63
2014-05-19_18	111	15	0.33
2014-05-19_19	98	14	0.33
2014-05-19_20	93	12	0.00
2014-05-19_21	89.5	11	0.00
2014-05-19_22	89	9	0.33
2014-05-19_23	89.5	7	0.00
2014-05-20_00	90	5	0.00
2014-05-20_01	89.5	5.5	0.00
2014-05-20_02	86.5	5	0.00
2014-05-20_03	77	10.5	0.33
2014-05-20_04	65	19	0.33
2014-05-20_05	53.5	28.5	2.61
2014-05-20_06	42.5	40	7.17
2014-05-20_07	39.5	43.5	11.74
2014-05-20_08	54	30.5	8.48
2014-05-20_09	65	20.5	5.22
2014-05-20_10	80.5	14.5	2.28
2014-05-20_11	82.5	16	1.96
2014-05-20_12	76.5	22.5	1.63
2014-05-20_13	84	18.5	2.61
2014-05-20_14	78.5	24	2.93
2014-05-20_15	68.5	34.5	3.26
2014-05-20_16	56.5	42	2.28
2014-05-20_17	73	33.5	1.30
2014-05-20_18	48.5	54	4.89
2014-05-20_19	34.5	63	4.89
2014-05-20_20	27.5	59.5	1.63
2014-05-20_21	38	36	0.33
2014-05-20_22	52	20	0.00
2014-05-20_23	52	14.5	0.98
2014-05-21_00	56.5	8.5	0.33
2014-05-21_01	64.5	9.5	0.00
2014-05-21_02	58.5	8	0.00
2014-05-21_03	56.5	6.5	0.00
2014-05-21_04	64.5	11	0.00
2014-05-21_05	43.5	32.5	6.52
2014-05-21_06	23	54.5	5.87
2014-05-21_07	28.5	57	16.30
2014-05-21_08	23	52	12.07
2014-05-21_09	19.5	51	9.46
2014-05-21_10	14	53	16.96
2014-05-21_11	18.5	47.5	15.98
2014-05-21_12	39	26.5	7.50
2014-05-21_13	53.5	15	4.24
2014-05-21_14	53	14	5.22
2014-05-21_15	58.5	15	3.26
2014-05-21_16	58.5	23	0.98
2014-05-21_17	64	23.5	1.30
2014-05-21_18	66	21	0.98
2014-05-21_19	49	33	1.30
2014-05-21_20	65.5	18.5	0.65
2014-05-21_21	74	13.5	0.00
2014-05-21_22	69	11.5	0.00
2014-05-21_23	74.5	8	0.00
2014-05-22_00	78.5	5	0.00
2014-05-22_01	79	4.5	0.00
2014-05-22_02	69.5	6.5	0.00
2014-05-22_03	62.5	6.5	0.00
2014-05-22_04	45	21	1.96
2014-05-22_05	29	35.5	8.15
2014-05-22_06	30.5	39	12.07
2014-05-22_07	38	32	12.39
2014-05-22_08	50	23	7.17
2014-05-22_09	47.5	29	3.59
2014-05-22_10	51.5	24	2.93
2014-05-22_11	60	21	2.28
2014-05-22_12	76.5	11	3.26
2014-05-22_13	81	8	2.61
2014-05-22_14	83.5	7.5	2.61
2014-05-22_15	83.5	9	2.28
2014-05-22_16	81	13	2.61
2014-05-22_17	79.5	14	2.28
2014-05-22_18	75.5	17.5	1.63
2014-05-22_19	81	14	0.65
2014-05-22_20	81.5	10	0.00
2014-05-22_21	79.5	10.5	0.00
2014-05-22_22	73	13.5	0.00
2014-05-22_23	70.5	14	0.00
2014-05-23_00	68	11.5	0.00
2014-05-23_01	62	15	0.65
2014-05-23_02	63	9	0.00
2014-05-23_03	54.5	11	0.00
2014-05-23_04	45	16	0.98
2014-05-23_05	33	25.5	4.24
2014-05-23_06	32.5	29.5	6.52
2014-05-23_07	39.5	27.5	10.11
2014-05-23_08	51	21.5	6.20
2014-05-23_09	66.5	14	3.91
2014-05-23_10	76.5	12	2.61
2014-05-23_11	68	19	2.93
2014-05-23_12	75.5	13	3.26
2014-05-23_13	80	10	2.28
2014-05-23_14	79.5	9	1.96
2014-05-23_15	75.5	14	2.93
2014-05-23_16	65	20	3.26
2014-05-23_17	52	30.5	4.89
2014-05-23_18	52	33	2.61
2014-05-23_19	47.5	35.5	1.96
2014-05-23_20	52.5	23.5	0.65
2014-05-23_21	55.5	18	0.00
2014-05-23_22	54.5	14.5	0.00
2014-05-23_23	57	13	0.00
2014-05-24_00	59.5	9	0.33
2014-05-24_01	59.5	8.5	0.00
2014-05-24_02	61	5.5	0.00
2014-05-24_03	62	4.5	0.00
2014-05-24_04	61.5	5.5	0.00
2014-05-24_05	58	7	0.33
2014-05-24_06	57.5	9	0.00
2014-05-24_07	51.5	11.5	1.63
2014-05-24_08	52.5	13.5	2.61
2014-05-24_09	62.5	11.5	2.93
2014-05-24_10	72.5	8.5	1.63
2014-05-24_11	69.5	10	2.28
2014-05-24_12	72	10.5	1.30
2014-05-24_13	73.5	8	0.98
2014-05-24_14	76.5	8.5	1.63
2014-05-24_15	74	10	2.28
2014-05-24_16	68.5	14.5	1.63
2014-05-24_17	69	14	3.26
2014-05-24_18	72.5	14	1.96
2014-05-24_19	64	20.5	1.63
2014-05-24_20	65.5	17.5	0.98
2014-05-24_21	60	18.5	0.33
2014-05-24_22	54.5	20.5	0.00
2014-05-24_23	38	33	2.28
2014-05-25_00	36	28.5	0.98
2014-05-25_01	24	31.5	0.33
2014-05-25_02	21.5	30.5	1.96
2014-05-25_03	20.5	22	0.33
2014-05-25_04	17	17.5	0.33
2014-05-25_05	22	13.5	0.98
2014-05-25_06	27	12.5	3.26
2014-05-25_07	35.5	10	2.61
2014-05-25_08	48.5	7.5	2.28
2014-05-25_09	59	8.5	2.61
2014-05-25_10	70	7.5	1.30
2014-05-25_11	78	7	1.30
2014-05-25_12	86.5	5.5	0.65
2014-05-25_13	87	7	0.65
2014-05-25_14	90	5.5	0.33
2014-05-25_15	88.5	8	0.98
2014-05-25_16	90	8	0.65
2014-05-25_17	88.5	9.5	0.98
2014-05-25_18	86	10.5	1.30
2014-05-25_19	77.5	17.5	0.65
2014-05-25_20	74	17	0.98
2014-05-25_21	62	23	0.33
2014-05-25_22	56.5	24	0.00
2014-05-25_23	56.5	20.5	0.00
2014-05-26_00	48.5	21.5	0.00
2014-05-26_01	39.5	26.5	0.00
2014-05-26_02	32.5	30.5	0.98
2014-05-26_03	34.5	29	0.33
2014-05-26_04	24	38.5	5.54
2014-05-26_05	13	52	9.13
2014-05-26_06	7.5	61.5	25.43
2014-05-26_07	10.5	58.5	30.65
2014-05-26_08	23	38	13.04
2014-05-26_09	23	38	13.37
2014-05-26_10	30	30	8.48
2014-05-26_11	27.5	43.5	15.33
2014-05-26_12	42	37.5	6.52
2014-05-26_13	41	38	5.87
2014-05-26_14	40	43.5	8.48
2014-05-26_15	53	39.5	8.48
2014-05-26_16	41.5	55	10.43
2014-05-26_17	49	48	8.48
2014-05-26_18	70	28.5	3.26
2014-05-26_19	70	25.5	0.98
2014-05-26_20	55.5	34.5	0.33
2014-05-26_21	53	36	0.00
2014-05-26_22	51.5	28.5	0.00
2014-05-26_23	57	20.5	0.00
2014-05-27_00	53	18	0.00
2014-05-27_01	46	17	0.00
2014-05-27_02	51	15	0.00
2014-05-27_03	52	14	0.00
2014-05-27_04	51.5	15.5	0.33
2014-05-27_05	39.5	26.5	1.30
2014-05-27_06	27	38	2.93
2014-05-27_07	24	41	5.22
2014-05-27_08	22.5	46	12.39
2014-05-27_09	31	39.5	11.09
2014-05-27_10	41	32	8.48
2014-05-27_11	49	24	4.57
2014-05-27_12	57	21	5.87
2014-05-27_13	59	21.5	4.89
2014-05-27_14	62	24.5	5.54
2014-05-27_15	69.5	21	3.91
2014-05-27_16	68.5	24	2.61
2014-05-27_17	64.5	25	4.24
2014-05-27_18	61	22	0.98
2014-05-27_19	56	28	0.98
2014-05-27_20	59	28	0.33
2014-05-27_21	60	25.5	0.00
2014-05-27_22	58	25.5	0.33
2014-05-27_23	60.5	22.5	0.33
2014-05-28_00	65.5	16	0.00
2014-05-28_01	64.5	13	0.00
2014-05-28_02	62.5	11.5	0.00
2014-05-28_03	59.5	11.5	0.33
2014-05-28_04	55	16	0.65
2014-05-28_05	45	26.5	1.96
2014-05-28_06	26.5	42.5	6.85
2014-05-28_07	30	41.5	7.83
2014-05-28_08	32	44.5	8.80
2014-05-28_09	29	43.5	8.80
2014-05-28_10	44.5	33.5	6.52
2014-05-28_11	61.5	24.5	4.89
2014-05-28_12	71.5	19	4.24
2014-05-28_13	75.5	15.5	2.28
2014-05-28_14	61.5	26	2.28
2014-05-28_15	56.5	28.5	3.26
2014-05-28_16	55	32.5	3.59
2014-05-28_17	53	36.5	3.59
2014-05-28_18	51	36	1.63
2014-05-28_19	45	40	1.30
2014-05-28_20	43.5	39	0.33
2014-05-28_21	37.5	43.5	0.33
2014-05-28_22	43	40.5	0.33
2014-05-28_23	51	32.5	0.33
2014-05-29_00	38	36	2.28
2014-05-29_01	34.5	27	0.00
2014-05-29_02	30	23	0.00
2014-05-29_03	23	24.5	0.33
2014-05-29_04	20.5	25	0.00
2014-05-29_05	16.5	27	2.61
2014-05-29_06	22.5	24	6.20
2014-05-29_07	36	21	4.57
2014-05-29_08	45	19	3.91
2014-05-29_09	64.5	17	4.24
2014-05-29_10	88.5	11	1.30
2014-05-29_11	90.5	10	1.30
2014-05-29_12	89	10.5	1.30
2014-05-29_13	91	10	0.98
2014-05-29_14	92	9	0.98
2014-05-29_15	91	10.5	0.33
2014-05-29_16	90	11	0.33
2014-05-29_17	82	17.5	0.33
2014-05-29_18	82	18	0.33
2014-05-29_19	74.5	23.5	0.33
2014-05-29_20	61	32.5	0.00
2014-05-29_21	40	36	0.65
2014-05-29_22	42.5	37.5	0.98
2014-05-29_23	33.5	42	0.33
2014-05-30_00	38	37	0.33
2014-05-30_01	29	40.5	1.96
2014-05-30_02	14	42.5	6.52
2014-05-30_03	27.5	36.5	2.93
2014-05-30_04	26	36	4.89
2014-05-30_05	4.5	54.5	29.02
2014-05-30_06	8	53.5	42.39
2014-05-30_07	22	51	19.24
2014-05-30_08	46.5	36	14.67
2014-05-30_09	66	23	6.52
2014-05-30_10	73	17.5	4.24
2014-05-30_11	73.5	19	3.59
2014-05-30_12	85.5	14	2.28
2014-05-30_13	94	10.5	1.63
2014-05-30_14	99	11.5	1.30
2014-05-30_15	87.5	17.5	1.96
2014-05-30_16	86	17.5	2.61
2014-05-30_17	88	17.5	1.30
2014-05-30_18	87	19.5	0.98
2014-05-30_19	87	18	0.65
2014-05-30_20	73	27	0.33
2014-05-30_21	65.5	31	0.00
2014-05-30_22	56	30	0.33
2014-05-30_23	48	33.5	0.00
2014-05-31_00	50.5	29	0.00
2014-05-31_01	40	32.5	2.93
2014-05-31_02	34.5	33.5	1.96
2014-05-31_03	31	27.5	0.33
2014-05-31_04	25	25.5	0.00
2014-05-31_05	14.5	35	6.85
2014-05-31_06	22	30	8.15
2014-05-31_07	28.5	25	9.13
2014-05-31_08	38.5	21	8.15
2014-05-31_09	51.5	16.5	5.87
2014-05-31_10	65.5	12.5	3.26
2014-05-31_11	76	11.5	1.96
2014-05-31_12	85.5	11.5	1.30
2014-05-31_13	89	13.5	0.98
2014-05-31_14	95.5	14.5	1.30
2014-05-31_15	105.5	12.5	0.98
2014-05-31_16	107.5	12.5	0.98
2014-05-31_17	104	13.5	0.33
2014-05-31_18	99.5	13	0.65
2014-05-31_19	94	15	0.00
2014-05-31_20	90.5	20.5	0.00
2014-05-31_21	81.5	22	0.00
2014-05-31_22	68.5	27.5	0.00
2014-05-31_23	62.5	29.5	0.00
2014-06-01_00	66	28.5	0.00
2014-06-01_01	62.5	25.5	0.00
2014-06-01_02	63	23.5	0.00
2014-06-01_03	65.5	18.5	2.61
2014-06-01_04	59	21	0.00
2014-06-01_05	56	18.5	0.00
2014-06-01_06	52.5	18.5	1.30
2014-06-01_07	58.5	18	2.93
2014-06-01_08	74	15	2.28
2014-06-01_09	86	12.5	0.98
2014-06-01_10	97	10.5	0.98
2014-06-01_11	100	11.5	0.65
2014-06-01_12	104.5	11.5	0.65
2014-06-01_13	107	9.5	0.65
2014-06-01_14	106.5	12.5	0.65
2014-06-01_15	104	11.5	0.33
2014-06-01_16	102.5	10.5	0.33
2014-06-01_17	92	13	0.00
2014-06-01_18	79	22	0.33
2014-06-01_19	78.5	23.5	0.33
2014-06-01_20	79	21	0.00
2014-06-01_21	76.5	20.5	0.00
2014-06-01_22	72.5	21.5	0.00
2014-06-01_23	65.5	24.5	0.00
2014-06-02_00	61.5	22.5	0.33
2014-06-02_01	54	25	0.00
2014-06-02_02	41.5	30.5	0.00
2014-06-02_03	21	44.5	0.33
2014-06-02_04	15.5	54.5	3.26
2014-06-02_05	16	55.5	8.15
2014-06-02_06	19.5	60.5	14.02
2014-06-02_07	26.5	58	18.91
2014-06-02_08	26	58.5	27.72
2014-06-02_09	43.5	48.5	19.57
2014-06-02_10	58	40.5	11.09
2014-06-02_11	76	34	6.52
2014-06-02_12	83.5	35	5.22
2014-06-02_13	100.5	26	2.61
2014-06-02_14	104	25.5	1.96
2014-06-02_15	96	28	1.96
2014-06-02_16	95.5	27.5	0.98
2014-06-02_17	94.5	26	1.96
2014-06-02_18	98	24	0.65
2014-06-02_19	95	26	0.65
2014-06-02_20	88.5	27.5	0.00
2014-06-02_21	57.5	51.5	0.98
2014-06-02_22	57	50	0.00
2014-06-02_23	56.5	46	0.00
2014-06-03_00	23	61	2.61
2014-06-03_01	23.5	56	4.24
2014-06-03_02	29	45.5	2.93
2014-06-03_03	31.5	35.5	0.65
2014-06-03_04	14	45	3.91
2014-06-03_05	5.5	54	20.54
2014-06-03_06	12	62.5	30.00
2014-06-03_07	16.5	67.5	34.89
2014-06-03_08	28.5	61.5	18.91
2014-06-03_09	45	47	10.76
2014-06-03_10	59	34	6.85
2014-06-03_11	82	20.5	2.61
2014-06-03_12	73	23.5	1.96
2014-06-03_13	78	23.5	2.61
2014-06-03_14	82.5	18	2.28
2014-06-03_15	59	16.5	2.61
2014-06-03_16	58	17	2.93
2014-06-03_17	60	17.5	2.61
2014-06-03_18	58.5	17	1.96
2014-06-03_19	53.5	23.5	2.93
2014-06-03_20	47	26	0.98
2014-06-03_21	39	27.5	0.65
2014-06-03_22	22	40.5	0.98
2014-06-03_23	30.5	31.5	0.98
2014-06-04_00	44	17.5	0.00
2014-06-04_01	49	10	0.00
2014-06-04_02	57	7	0.00
2014-06-04_03	48	10.5	0.00
2014-06-04_04	40.5	13	0.33
2014-06-04_05	27.5	23.5	3.26
2014-06-04_06	25.5	34.5	6.52
2014-06-04_07	30	30.5	7.50
2014-06-04_08	38	26.5	4.57
2014-06-04_09	39.5	26.5	5.87
2014-06-04_10	35	26	6.20
2014-06-04_11	40	19.5	5.54
2014-06-04_12	41.5	19	6.85
2014-06-04_13	40	27.5	5.22
2014-06-04_14	31.5	42.5	6.85
2014-06-04_15	45	28	4.24
2014-06-04_16	51.5	22	4.89
2014-06-04_17	64.5	17	2.93
2014-06-04_18	68.5	15.5	1.63
2014-06-04_19	66	16.5	0.98
2014-06-04_20	65.5	17.5	0.00
2014-06-04_21	66	15.5	0.00
2014-06-04_22	58	18.5	0.00
2014-06-04_23	40.5	28.5	0.00
2014-06-05_00	39.5	24.5	0.00
2014-06-05_01	39.5	19.5	0.00
2014-06-05_02	46	13.5	0.00
2014-06-05_03	45.5	12	0.33
2014-06-05_04	34	22.5	1.96
2014-06-05_05	23	40	9.78
2014-06-05_06	18.5	43.5	20.54
2014-06-05_07	26.5	39	19.57
2014-06-05_08	41	30	13.37
2014-06-05_09	51	20.5	10.43
2014-06-05_10	61	13	5.22
2014-06-05_11	67.5	10	2.61
2014-06-05_12	73	8.5	2.61
2014-06-05_13	76	9	1.96
2014-06-05_14	76	10.5	1.63
2014-06-05_15	77	9	3.59
2014-06-05_16	78.5	11	2.28
2014-06-05_17	79	12	3.59
2014-06-05_18	79	13	1.30
2014-06-05_19	78.5	14	0.65
2014-06-05_20	59	26.5	2.93
2014-06-05_21	49	33	1.30
2014-06-05_22	29	43	1.63
2014-06-05_23	36.5	33.5	1.63
2014-06-06_00	47	21.5	0.00
2014-06-06_01	57.5	13.5	0.33
2014-06-06_02	53.5	16.5	2.28
2014-06-06_03	54	11	0.00
2014-06-06_04	44.5	18.5	0.33
2014-06-06_05	30.5	35.5	6.20
2014-06-06_06	33.5	33	7.83
2014-06-06_07	39	30	11.74
2014-06-06_08	49	25	8.80
2014-06-06_09	57	21.5	6.85
2014-06-06_10	75.5	17	3.91
2014-06-06_11	92.5	13.5	1.63
2014-06-06_12	99	12	5.22
2014-06-06_13	103.5	12	0.98
2014-06-06_14	107	12	1.63
2014-06-06_15	106	13	1.30
2014-06-06_16	100	13.5	1.63
2014-06-06_17	98	14.5	0.98
2014-06-06_18	87	18	1.63
2014-06-06_19	80	24.5	0.33
2014-06-06_20	77	29.5	1.63
2014-06-06_21	71.5	31	0.33
2014-06-06_22	73	21	1.30
2014-06-06_23	77.5	18	0.33
2014-06-07_00	80	14	0.33
2014-06-07_01	86	11	0.00
2014-06-07_02	86.5	9.5	0.00
2014-06-07_03	76	10.5	0.00
2014-06-07_04	58.5	17.5	0.00
2014-06-07_05	50	21	0.33
2014-06-07_06	48	20.5	1.96
2014-06-07_07	56.5	17	2.28
2014-06-07_08	65.5	17	2.61
2014-06-07_09	72	17.5	1.96
2014-06-07_10	61.5	28.5	3.26
2014-06-07_11	69.5	22.5	2.93
2014-06-07_12	82.5	14.5	1.96
2014-06-07_13	98	10.5	0.65
2014-06-07_14	105	11.5	2.28
2014-06-07_15	107	12	0.65
2014-06-07_16	107	11	0.98
2014-06-07_17	105	12.5	0.98
2014-06-07_18	105	16	0.33
2014-06-07_19	95	20	0.33
2014-06-07_20	85	26.5	0.33
2014-06-07_21	72.5	30	0.98
2014-06-07_22	61.5	29.5	0.00
2014-06-07_23	52.5	27	0.00
2014-06-08_00	70	15	0.00
2014-06-08_01	67	12.5	0.33
2014-06-08_02	56.5	14	0.00
2014-06-08_03	51.5	14	0.33
2014-06-08_04	48.5	13.5	0.00
2014-06-08_05	48.5	13	1.30
2014-06-08_06	42	9.5	0.33
2014-06-08_07	34.5	10.5	1.30
2014-06-08_08	43	9.5	2.61
2014-06-08_09	52.5	11	2.28
2014-06-08_10	47	20	3.59
2014-06-08_11	61	15.5	4.24
2014-06-08_12	79	12.5	1.63
2014-06-08_13	90	9.5	0.65
2014-06-08_14	103	7	0.00
2014-06-08_15	103	7	0.00
2014-06-08_16	104	8	0.33
2014-06-08_17	99	11	0.65
2014-06-08_18	94	12.5	0.33
2014-06-08_19	76	23	0.33
2014-06-08_20	69	22.5	0.00
2014-06-08_21	76.5	23	0.33
2014-06-08_22	65.5	27	0.00
2014-06-08_23	60	25.5	0.33
2014-06-09_00	79	12.5	0.33
2014-06-09_01	78	11	0.00
2014-06-09_02	58	14	0.00
2014-06-09_03	36.5	25.5	0.00
2014-06-09_04	22	34.5	0.98
2014-06-09_05	19	39.5	3.26
2014-06-09_06	30	33	3.26
2014-06-09_07	64	20	0.33
2014-06-09_08	59	16	0.98
2014-06-09_09	64.5	16	3.59
2014-06-09_10	74.5	21	4.89
2014-06-09_11	82	27.5	5.22
2014-06-09_12	98	20	0.98
2014-06-09_13	104	18	1.30
2014-06-09_14	91	22.5	0.00
2014-06-09_15	71.5	28	0.65
2014-06-09_16	77.5	20	1.63
2014-06-09_17	88.5	19	2.28
2014-06-09_18	93	17	1.30
2014-06-09_19	91	17	0.33
2014-06-09_20	69	33	0.33
2014-06-09_21	38.5	59.5	0.33
2014-06-09_22	44.5	39	0.98
2014-06-09_23	41.5	23.5	0.33
2014-06-10_00	51.5	19.5	0.00
2014-06-10_01	56	10	0.00
2014-06-10_02	41.5	14.5	1.63
2014-06-10_03	33	13	0.00
2014-06-10_04	33.5	16	0.98
2014-06-10_05	29	25.5	4.57
2014-06-10_06	25	40	8.48
2014-06-10_07	21	47	13.37
2014-06-10_08	22.5	49	21.52
2014-06-10_09	22	50.5	15.65
2014-06-10_10	9	58.5	14.67
2014-06-10_11	18.5	52.5	11.74
2014-06-10_12	18	53.5	10.11
2014-06-10_13	17.5	55	16.96
2014-06-10_14	30	48	7.50
2014-06-10_15	32	47	13.70
2014-06-10_16	44	38.5	8.80
2014-06-10_17	37.5	44.5	6.85
2014-06-10_18	17.5	69	17.61
2014-06-10_19	8	79.5	29.35
2014-06-10_20	3.5	77.5	36.52
2014-06-10_21	1.5	67.5	16.96
2014-06-10_22	1	68	49.89
2014-06-10_23	1.5	67	64.24
2014-06-11_00	2.5	56	31.96
2014-06-11_01	10.5	31	4.57
2014-06-11_02	28	11	0.00
2014-06-11_03	29.5	11	0.00
2014-06-11_04	24.5	20	0.65
2014-06-11_05	13	39	9.13
2014-06-11_06	14	45.5	13.37
2014-06-11_07	24	35.5	17.61
2014-06-11_08	43	20.5	7.50
2014-06-11_09	50.5	15.5	5.22
2014-06-11_10	63	11	2.93
2014-06-11_11	77	8.5	1.96
2014-06-11_12	80	10.5	1.63
2014-06-11_13	84	11.5	2.28
2014-06-11_14	84	14.5	2.28
2014-06-11_15	97	14.5	1.96
2014-06-11_16	101	15	1.63
2014-06-11_17	95	17	1.63
2014-06-11_18	93	19	0.98
2014-06-11_19	91.5	21	1.30
2014-06-11_20	87.5	21	0.33
2014-06-11_21	72.5	27.5	0.00
2014-06-11_22	68	25.5	0.00
2014-06-11_23	61	19	0.33
2014-06-12_00	60.5	13	0.00
2014-06-12_01	58.5	11.5	0.00
2014-06-12_02	54.5	11.5	0.00
2014-06-12_03	49.5	12	0.00
2014-06-12_04	43	18	0.00
2014-06-12_05	29	36.5	3.59
2014-06-12_06	29	38.5	9.46
2014-06-12_07	37	37	12.39
2014-06-12_08	55	25	7.83
2014-06-12_09	72	17.5	4.57
2014-06-12_10	87.5	14.5	2.93
2014-06-12_11	94.25	12.5	1.96
2014-06-12_12	101	10.5	0.98
2014-06-12_13	106.5	13.5	1.63
2014-06-12_14	110.5	12	1.63
2014-06-12_15	109	12.5	1.30
2014-06-12_16	109	14	1.30
2014-06-12_17	105	15.5	1.63
2014-06-12_18	102	19.5	1.30
2014-06-12_19	95.5	22.5	0.98
2014-06-12_20	89.5	25	0.33
2014-06-12_21	78	32.5	0.00
2014-06-12_22	71.5	37	0.00
2014-06-12_23	59.5	45.5	0.33
2014-06-13_00	82.5	30	0.00
2014-06-13_01	78.5	21	0.00
2014-06-13_02	64	19.5	0.00
2014-06-13_03	55	17.5	0.00
2014-06-13_04	42	22	0.33
2014-06-13_05	28	37	3.59
2014-06-13_06	27.5	41	11.41
2014-06-13_07	38.5	38	13.04
2014-06-13_08	54.5	31	9.13
2014-06-13_09	74.5	19	4.24
2014-06-13_10	99	15	1.30
2014-06-13_11	110	12.5	2.61
2014-06-13_12	114	10	1.30
2014-06-13_13	118.5	13	1.30
2014-06-13_14	122.5	16	1.30
2014-06-13_15	121	15	1.63
2014-06-13_16	124	17	1.30
2014-06-13_17	123.5	18.5	0.98
2014-06-13_18	111.5	18.5	0.98
2014-06-13_19	114	18.5	0.33
2014-06-13_20	102.5	23.5	0.00
2014-06-13_21	85	30	0.00
2014-06-13_22	62.5	46	0.65
2014-06-13_23	60.5	38	0.00
2014-06-14_00	60.5	31.5	0.00
2014-06-14_01	66	17	0.33
2014-06-14_02	63	11.5	0.98
2014-06-14_03	51.5	16.5	0.00
2014-06-14_04	42	22	0.00
2014-06-14_05	34	27.5	0.65
2014-06-14_06	46	23.5	2.61
2014-06-14_07	51.5	19	3.26
2014-06-14_08	53	16.5	3.91
2014-06-14_09	58	15.5	3.26
2014-06-14_10	62.5	13.5	3.26
2014-06-14_11	61	14.5	2.61
2014-06-14_12	53.5	16.5	2.61
2014-06-14_13	62.5	11	1.96
2014-06-14_14	70.5	11	1.63
2014-06-14_15	76	9	1.30
2014-06-14_16	79.5	9	0.65
2014-06-14_17	77	11.5	0.98
2014-06-14_18	77.5	10	1.30
2014-06-14_19	81	11	1.63
2014-06-14_20	75.5	12.5	0.00
2014-06-14_21	76	13	0.00
2014-06-14_22	69.5	14	0.00
2014-06-14_23	64	16	0.00
2014-06-15_00	64.5	13.5	0.00
2014-06-15_01	62.5	10.5	0.00
2014-06-15_02	62	8.5	0.00
2014-06-15_03	59	8.5	0.00
2014-06-15_04	57.5	8	0.00
2014-06-15_05	52.5	10.5	0.00
2014-06-15_06	51	11	0.33
2014-06-15_07	50	10.5	1.63
2014-06-15_08	50	10.5	2.28
2014-06-15_09	54.5	10.5	3.59
2014-06-15_10	61.5	9.5	3.26
2014-06-15_11	71	9.5	2.28
2014-06-15_12	78.5	8.5	1.30
2014-06-15_13	85	8.5	1.63
2014-06-15_14	89.5	8.5	0.65
2014-06-15_15	92	9	1.30
2014-06-15_16	94.5	8.5	1.30
2014-06-15_17	89	11.5	0.98
2014-06-15_18	88	12	0.65
2014-06-15_19	83.5	12.5	1.30
2014-06-15_20	81	14	0.33
2014-06-15_21	75.5	17.5	0.00
2014-06-15_22	72.5	14	0.00
2014-06-15_23	66	15.5	0.00
2014-06-16_00	65.5	12	0.33
2014-06-16_01	65	9	0.00
2014-06-16_02	62.5	9	0.00
2014-06-16_03	56.5	11	0.00
2014-06-16_04	48.5	15.5	0.00
2014-06-16_05	40.5	24	0.98
2014-06-16_06	39	28	5.22
2014-06-16_07	43	26	8.80
2014-06-16_08	50.5	20.5	7.17
2014-06-16_09	64	14.5	3.91
2014-06-16_10	73.5	14	3.26
2014-06-16_11	80.5	15	3.59
2014-06-16_12	87	14	3.59
2014-06-16_13	89.5	12.5	2.61
2014-06-16_14	88.5	14	2.28
2014-06-16_15	89	13.5	1.63
2014-06-16_16	85.5	15	2.93
2014-06-16_17	70	15	2.28
2014-06-16_18	58	17.5	1.30
2014-06-16_19	44	20	0.65
2014-06-16_20	43.5	19	1.30
2014-06-16_21	42.5	16	0.00
2014-06-16_22	40.5	17	1.96
2014-06-16_23	39.5	16	0.65
2014-06-17_00	41.5	12.5	0.33
2014-06-17_01	43.5	9.5	0.33
2014-06-17_02	43.5	9	0.00
2014-06-17_03	44.5	9.5	0.00
2014-06-17_04	37	15	1.30
2014-06-17_05	26.5	24.5	2.93
2014-06-17_06	19.5	34.5	7.17
2014-06-17_07	33.5	30	7.17
2014-06-17_08	52.5	21	4.89
2014-06-17_09	66.5	17.5	2.28
2014-06-17_10	70.5	15.5	2.93
2014-06-17_11	70.5	13	2.61
2014-06-17_12	75.5	10	1.96
2014-06-17_13	76	11.5	2.28
2014-06-17_14	75.5	13	2.61
2014-06-17_15	74	15.5	3.26
2014-06-17_16	74	17	2.61
2014-06-17_17	72.5	18.5	1.63
2014-06-17_18	71	19.5	1.96
2014-06-17_19	62.5	22.5	0.65
2014-06-17_20	59	24	0.98
2014-06-17_21	59.5	19.5	0.00
2014-06-17_22	59	16.5	0.00
2014-06-17_23	57.5	16.5	0.65
2014-06-18_00	63	10.5	0.00
2014-06-18_01	64.5	7	0.00
2014-06-18_02	58.5	8	0.00
2014-06-18_03	57.5	9	0.98
2014-06-18_04	52	13	0.98
2014-06-18_05	40	23	2.28
2014-06-18_06	35	28	3.59
2014-06-18_07	37	24.5	4.89
2014-06-18_08	40	21.5	6.85
2014-06-18_09	48	17.5	7.17
2014-06-18_10	56	17	6.20
2014-06-18_11	66	15.5	5.54
2014-06-18_12	79	12	2.93
2014-06-18_13	87.5	11.5	2.28
2014-06-18_14	89	12	2.28
2014-06-18_15	91.5	14.5	1.96
2014-06-18_16	93	15.5	2.61
2014-06-18_17	94	15	1.96
2014-06-18_18	96	16.5	1.63
2014-06-18_19	83.5	19.5	0.98
2014-06-18_20	51.5	22.5	0.65
2014-06-18_21	34	25	0.33
2014-06-18_22	32.5	20	0.33
2014-06-18_23	27.5	20	1.30
2014-06-19_00	30	13.5	0.00
2014-06-19_01	29	11	0.65
2014-06-19_02	28	11.5	0.33
2014-06-19_03	21.5	16.5	1.96
2014-06-19_04	15	22.5	0.65
2014-06-19_05	7	31.5	13.04
2014-06-19_06	11	30.5	13.04
2014-06-19_07	15	26.5	11.74
2014-06-19_08	20.5	24.5	11.41
2014-06-19_09	31.5	20	11.41
2014-06-19_10	38.5	17	7.50
2014-06-19_11	43.5	15.5	5.54
2014-06-19_12	51.5	13	4.24
2014-06-19_13	55	11.5	4.24
2014-06-19_14	59	13	3.91
2014-06-19_15	66.5	13.5	3.59
2014-06-19_16	73	12	2.28
2014-06-19_17	71.5	13.5	1.96
2014-06-19_18	72.5	13.5	1.30
2014-06-19_19	69	19	1.30
2014-06-19_20	63.5	21	0.65
2014-06-19_21	54	26	0.00
2014-06-19_22	45.5	29.5	1.63
2014-06-19_23	26.5	46	2.93
2014-06-20_00	18.5	50.5	2.93
2014-06-20_01	39.5	19.5	0.00
2014-06-20_02	40.5	14	0.00
2014-06-20_03	36	16	0.33
2014-06-20_04	31.5	19.5	0.98
2014-06-20_05	25	26	2.28
2014-06-20_06	27.5	26	4.89
2014-06-20_07	34.5	21.5	6.52
2014-06-20_08	41.5	15.5	6.20
2014-06-20_09	45	11.5	6.20
2014-06-20_10	46.5	12.5	5.22
2014-06-20_11	51.5	10.5	3.91
2014-06-20_12	58	9	2.61
2014-06-20_13	61	9.5	2.93
2014-06-20_14	66	10	2.93
2014-06-20_15	66	9.5	2.93
2014-06-20_16	61	12	3.26
2014-06-20_17	62	13	2.93
2014-06-20_18	63	13	2.93
2014-06-20_19	57	17	1.30
2014-06-20_20	48	21	0.98
2014-06-20_21	42	26	0.33
2014-06-20_22	42	30	1.30
2014-06-20_23	48	21	0.65
2014-06-21_00	52	14	0.00
2014-06-21_01	46	14	0.98
2014-06-21_02	38	14	0.00
2014-06-21_03	37	14.5	0.00
2014-06-21_04	37	14.5	0.00
2014-06-21_05	32	17	0.33
2014-06-21_06	34	16	3.26
2014-06-21_07	38	13.5	4.57
2014-06-21_08	44	10.5	3.91
2014-06-21_09	55	8.5	1.96
2014-06-21_10	61	7.5	1.63
2014-06-21_11	69	7.5	1.30
2014-06-21_12	75	6.5	0.98
2014-06-21_13	79	7	0.65
2014-06-21_14	81	7.5	0.98
2014-06-21_15	83	6.5	0.98
2014-06-21_16	82	7	0.98
2014-06-21_17	85	8	0.98
2014-06-21_18	86	8.5	1.30
2014-06-21_19	81	13.5	0.33
2014-06-21_20	72	23	0.65
2014-06-21_21	77	21.5	0.33
2014-06-21_22	77	16.5	0.33
2014-06-21_23	80	17.5	0.33
2014-06-22_00	83	14	0.00
2014-06-22_01	78	13	0.00
2014-06-22_02	57	18.5	0.00
2014-06-22_03	54	20.5	0.00
2014-06-22_04	50	18.5	0.00
2014-06-22_05	50	25	0.33
2014-06-22_06	59	17	0.65
2014-06-22_07	68	12	0.65
2014-06-22_08	80	9	1.63
2014-06-22_09	95	7	0.98
2014-06-22_10	103	6	0.33
2014-06-22_11	104	7.5	0.33
2014-06-22_12	108	6.5	0.33
2014-06-22_13	109	7.5	0.33
2014-06-22_14	112	7.5	0.65
2014-06-22_15	114	7	0.00
2014-06-22_16	110	8.5	0.98
2014-06-22_17	108	10.5	0.65
2014-06-22_18	102	10.5	0.65
2014-06-22_19	96	14	0.65
2014-06-22_20	89	15.5	0.00
2014-06-22_21	77	18	0.00
2014-06-22_22	71	13.5	0.00
2014-06-22_23	70	10	0.33
2014-06-23_00	72	9	0.33
2014-06-23_01	70	7.5	0.33
2014-06-23_02	68	7.5	0.00
2014-06-23_03	66	8.5	0.00
2014-06-23_04	62	18	0.98
2014-06-23_05	55	25	1.96
2014-06-23_06	52	23	3.91
2014-06-23_07	47	23.5	6.85
2014-06-23_08	58	16.5	4.89
2014-06-23_09	70	11	2.61
2014-06-23_10	77	9.5	1.63
2014-06-23_11	80	8.5	1.63
2014-06-23_12	81	8.5	1.63
2014-06-23_13	83	9.5	1.30
2014-06-23_14	82	9.5	2.28
2014-06-23_15	84	9.5	1.96
2014-06-23_16	83	10.5	1.96
2014-06-23_17	85	10.5	1.63
2014-06-23_18	81	13.5	1.63
2014-06-23_19	77.5	20.5	1.30
2014-06-23_20	73	27	0.33
2014-06-23_21	58.5	38	0.33
2014-06-23_22	60.5	39.5	0.00
2014-06-23_23	52.5	43.5	0.65
2014-06-24_00	40.5	49	0.33
2014-06-24_01	43	41	1.30
2014-06-24_02	44	30	0.00
2014-06-24_03	41	29	0.65
2014-06-24_04	30	40.5	1.30
2014-06-24_05	17.5	50	7.50
2014-06-24_06	22.5	46.5	13.70
2014-06-24_07	29	40	17.28
2014-06-24_08	43	27	11.09
2014-06-24_09	55	19.5	6.20
2014-06-24_10	68.5	17.5	4.89
2014-06-24_11	85.5	13.5	1.96
2014-06-24_12	96.5	11.5	1.30
2014-06-24_13	97	10	1.63
2014-06-24_14	98	10	1.30
2014-06-24_15	105	11	1.63
2014-06-24_16	106	12.5	2.93
2014-06-24_17	113	17.5	1.96
2014-06-24_18	116	19.5	0.33
2014-06-24_19	103.5	23.5	0.33
2014-06-24_20	98	24	0.98
2014-06-24_21	96	22.5	0.33
2014-06-24_22	90	24.5	0.33
2014-06-24_23	78	28.5	0.33
2014-06-25_00	62.5	38.5	0.33
2014-06-25_01	60.5	31	0.33
2014-06-25_02	52	22.5	0.00
2014-06-25_03	42.5	17	0.00
2014-06-25_04	25	28	1.63
2014-06-25_05	20	29.5	4.24
2014-06-25_06	21	28.5	8.15
2014-06-25_07	25	24.5	10.11
2014-06-25_08	32	22	8.80
2014-06-25_09	46.5	15.5	5.22
2014-06-25_10	55	16.5	4.57
2014-06-25_11	63.5	14	3.26
2014-06-25_12	76	9	1.63
2014-06-25_13	80.5	9.5	1.63
2014-06-25_14	82.5	12.5	1.96
2014-06-25_15	87	13.5	1.63
2014-06-25_16	91.5	14	1.30
2014-06-25_17	92.5	14	0.98
2014-06-25_18	90.5	18	1.63
2014-06-25_19	88	19	1.30
2014-06-25_20	80	22.5	0.33
2014-06-25_21	70	31	0.33
2014-06-25_22	81.5	16.5	0.00
2014-06-25_23	80.5	15	0.00
2014-06-26_00	68	22.5	0.33
2014-06-26_01	67.5	19.5	0.33
2014-06-26_02	58.5	18.5	0.00
2014-06-26_03	51	24	0.00
2014-06-26_04	21.5	50.5	3.26
2014-06-26_05	7.5	75.5	27.72
2014-06-26_06	29	53	16.30
2014-06-26_07	41.5	38.5	12.07
2014-06-26_08	43.5	37.5	13.70
2014-06-26_09	70.5	25	8.15
2014-06-26_10	82.5	19	3.91
2014-06-26_11	92.5	15.5	3.91
2014-06-26_12	98	15.5	4.24
2014-06-26_13	102.5	15	1.63
2014-06-26_14	108.5	16	0.98
2014-06-26_15	116.5	14	0.65
2014-06-26_16	119.5	17	1.30
2014-06-26_17	118.5	18.5	0.98
2014-06-26_18	111	23	3.91
2014-06-26_19	100.5	22.5	0.33
2014-06-26_20	91.5	29	0.00
2014-06-26_21	77.5	36.5	0.33
2014-06-26_22	58.5	46.5	0.33
2014-06-26_23	50.5	46.5	0.65
2014-06-27_00	33.5	52	0.33
2014-06-27_01	37.5	41.5	0.00
2014-06-27_02	54.5	23.5	0.00
2014-06-27_03	49	23.5	0.00
2014-06-27_04	31	29	2.61
2014-06-27_05	17	41.5	8.15
2014-06-27_06	8.5	47.5	31.96
2014-06-27_07	18.5	48	25.43
2014-06-27_08	37	42.5	16.96
2014-06-27_09	53	34.5	8.15
2014-06-27_10	68	23	3.91
2014-06-27_11	75	14	3.59
2014-06-27_12	75	11.5	1.96
2014-06-27_13	71	13.5	2.93
2014-06-27_14	71.5	11.5	2.61
2014-06-27_15	70	14	3.91
2014-06-27_16	61.5	19.5	3.26
2014-06-27_17	54.5	23.5	2.28
2014-06-27_18	52	27.5	3.26
2014-06-27_19	53	22.5	1.30
2014-06-27_20	47	23	0.98
2014-06-27_21	40.5	25	0.65
2014-06-27_22	28.5	37	0.98
2014-06-27_23	35.5	34	0.98
2014-06-28_00	38.5	21	0.00
2014-06-28_01	35.5	17.5	0.65
2014-06-28_02	29	19	0.00
2014-06-28_03	25.5	21	0.33
2014-06-28_04	18	23.5	0.65
2014-06-28_05	11.5	33	4.57
2014-06-28_06	11	35.5	8.15
2014-06-28_07	26.5	32	9.46
2014-06-28_08	33.5	35.5	5.87
2014-06-28_09	29	33	10.11
2014-06-28_10	23	30.5	11.74
2014-06-28_11	45	18	5.87
2014-06-28_12	58	8.5	2.28
2014-06-28_13	58.5	11	1.63
2014-06-28_14	50	16	0.98
2014-06-28_15	43.5	21.5	3.91
2014-06-28_16	42	24.5	2.61
2014-06-28_17	32	34.5	3.59
2014-06-28_18	30.5	37.5	2.28
2014-06-28_19	32	38	1.30
2014-06-28_20	31	39	1.63
2014-06-28_21	39	30	0.33
2014-06-28_22	31	35.5	0.00
2014-06-28_23	28.5	37.5	0.33
2014-06-29_00	23	44	0.33
2014-06-29_01	20	43.5	0.98
2014-06-29_02	30.5	26	0.00
2014-06-29_03	26.5	20	0.00
2014-06-29_04	23.5	15.5	3.26
2014-06-29_05	25.5	14.5	0.33
2014-06-29_06	25.5	13	0.98
2014-06-29_07	27.5	14	1.63
2014-06-29_08	32.5	12	1.30
2014-06-29_09	33.5	14.5	3.26
2014-06-29_10	39	14	3.26
2014-06-29_11	37	17	3.59
2014-06-29_12	46	14	4.89
2014-06-29_13	56.5	10	2.93
2014-06-29_14	58.5	9.5	1.96
2014-06-29_15	51.5	16	1.96
2014-06-29_16	56.5	15.5	4.57
2014-06-29_17	60.5	13	1.30
2014-06-29_18	62	13	1.63
2014-06-29_19	66	12	0.65
2014-06-29_20	55	17	0.98
2014-06-29_21	30	39	0.00
2014-06-29_22	39	30.5	0.33
2014-06-29_23	43.5	32	0.00
2014-06-30_00	52	21	0.00
2014-06-30_01	51	19.5	0.00
2014-06-30_02	54	16	0.00
2014-06-30_03	49.5	17	0.00
2014-06-30_04	19	46.5	15.65
2014-06-30_05	6.5	58	22.83
2014-06-30_06	11	53.5	34.24
2014-06-30_07	20.5	50	32.28
2014-06-30_08	43.5	38	15.33
2014-06-30_09	62	26.5	6.20
2014-06-30_10	69.5	21.5	5.87
2014-06-30_11	69	25	2.28
2014-06-30_12	70	23.5	3.91
2014-06-30_13	71.5	25.5	5.87
2014-06-30_14	79	24	5.54
2014-06-30_15	88	20.5	3.26
2014-06-30_16	88	24	1.96
2014-06-30_17	90	22	1.63
2014-06-30_18	85	21	0.98
2014-06-30_19	79.5	23.5	0.98
2014-06-30_20	68	29.5	0.00
2014-06-30_21	49.5	40.5	1.30
2014-06-30_22	43	38	1.96
2014-06-30_23	54	11.5	1.63
2014-07-01_00	51	12.5	0.65
