1;1;2;122.68210638738911;7.5;6.9
3;1;6;107.67508284791528;7.5;6.9
4;7;8;155.91655342405497;7.5;6.9
5;8;10;125.14860170801737;7.5;6.9
6;11;12;196.24029557474066;41.0;10.2
7;13;10;99.50272979010082;7.5;6.9
8;1;13;169.94755423990728;7.5;6.9
9;17;18;156.39265316570734;7.5;6.9
10;17;8;146.0824555340224;7.5;6.9
11;1;22;198.32053125288655;7.5;6.9
12;22;24;189.73366086299635;7.5;6.9
14;27;28;129.53509806568536;7.5;6.9
15;29;27;28.428980921204168;7.5;6.9
17;33;34;88.77339746180408;7.5;6.9
19;8;38;110.37894670908726;7.5;6.9
20;39;22;65.88859655865079;7.5;6.9
22;43;17;111.49557569049061;7.5;6.9
23;45;13;91.90704377612789;7.5;6.9
24;45;39;70.67703874993232;7.5;6.9
26;51;52;147.9182321857655;7.5;6.9
27;53;29;51.68135906959161;7.5;6.9
29;43;38;149.38750252205458;7.5;6.9
30;38;60;91.04657805397659;7.5;6.9
31;61;33;162.98747597419387;7.5;6.9
33;65;61;113.01329892089922;7.5;6.9
34;22;68;143.6773126933643;7.5;6.9
35;61;70;52.41012896346379;7.5;6.9
36;70;72;250.21788405141655;7.5;6.9
37;70;52;185.55460965981007;7.5;6.9
38;75;76;75.99448726194805;7.5;6.9
40;75;80;186.72060079601118;7.5;6.9
43;85;68;105.0871864819028;7.5;6.9
45;89;90;24.84207275620656;7.5;6.9
47;93;76;54.83964265253221;7.5;6.9
49;52;98;108.96493981907496;7.5;6.9
50;98;100;49.92002914202733;7.5;6.9
52;103;61;42.02770335607945;7.5;6.9
53;70;103;49.04591072938204;7.5;6.9
54;107;108;177.04559892070387;7.5;6.9
55;109;108;27.508506660751095;7.5;6.9
57;113;39;152.10725655947746;7.5;6.9
58;68;113;81.99635141990855;7.5;6.9
59;117;33;179.0832809783562;7.5;6.9
62;103;117;49.02919088601562;7.5;6.9
63;125;126;80.4348246882505;7.5;6.9
65;129;117;106.81757359009964;7.5;6.9
67;133;129;17.430534863854152;7.5;6.9
69;137;43;116.52141485570088;7.5;6.9
70;139;133;54.28541807920668;7.5;6.9
72;143;45;176.95177532787466;7.5;6.9
74;113;143;90.48133268015633;7.5;6.9
75;149;139;42.59506898531054;7.5;6.9
77;153;103;102.2331958679329;7.5;6.9
78;98;156;115.4157593395302;7.5;6.9
79;137;156;142.24007970749227;7.5;6.9
80;159;143;54.92715905927398;7.5;6.9
82;60;164;167.7378045150819;7.5;6.9
83;143;164;105.16786452978124;7.5;6.9
84;167;60;274.88107622542947;7.5;6.9
86;129;172;96.21840927141166;7.5;6.9
87;173;139;18.6834989685559;7.5;6.9
88;175;173;71.14318856457889;7.5;6.9
89;175;172;63.79542833869227;7.5;6.9
91;181;70;49.664016494572614;7.5;6.9
92;183;181;157.95959973892073;7.5;6.9
93;164;167;187.42905985106188;7.5;6.9
94;187;188;329.6986480678882;7.5;6.9
96;191;188;57.54571126741769;7.5;6.9
97;193;183;65.52454247512297;7.5;6.9
99;156;167;186.6569849444243;8.5;6.9
100;172;200;77.39782599324543;7.5;6.9
101;201;175;76.00992912128785;7.5;6.9
102;201;200;65.18388275644655;7.5;6.9
104;207;201;43.39687207721394;7.5;6.9
106;211;183;93.35845774506011;7.5;6.9
107;213;211;40.28589630215115;7.0;5.5
108;156;213;128.85724015218642;7.0;5.5
109;217;211;50.895078480701734;7.5;6.9
110;200;220;67.10710849460848;7.5;6.9
111;221;217;79.41245710743871;7.5;6.9
112;223;221;39.323377366521925;7.5;6.9
113;156;223;146.488109230003;7.5;6.9
114;227;221;40.13703918027365;7.5;6.9
115;167;227;105.11055748820098;7.5;6.9
116;231;167;120.29362455628446;8.5;6.9
118;231;191;168.89775777649888;7.5;6.9
119;237;201;68.39357877312645;7.5;6.9
120;237;220;65.1221971541891;7.5;6.9
121;211;242;62.704420011166974;7.0;5.5
122;243;153;211.71279067760457;7.5;6.9
123;211;243;129.60094065922365;7.5;6.9
124;247;153;229.31784104508546;7.5;6.9
126;247;243;43.836727034947764;7.5;6.9
127;253;237;35.04998214815572;7.5;6.9
128;242;217;86.06894180111675;7.5;6.9
129;257;253;77.24267554373417;7.5;6.9
131;261;247;49.211439064602914;7.5;6.9
132;263;264;125.02227728654681;7.5;6.9
134;263;261;19.40541816729557;7.5;6.9
135;269;253;49.708519700617565;7.5;6.9
136;220;269;110.03443985594303;7.5;6.9
137;273;191;364.68399537770415;7.5;6.9
139;242;278;110.52462978026223;7.0;5.5
140;279;221;104.22535773162382;7.5;6.9
142;279;231;206.78201316344396;7.5;6.9
144;287;278;40.40543567145379;7.5;6.9
145;289;290;120.62816860678616;7.5;6.9
146;231;289;138.03866818866848;7.5;6.9
147;293;289;131.92928850446523;7.5;6.9
148;295;269;56.41356753348531;7.5;6.9
150;299;300;56.59307529714193;7.5;6.9
152;303;299;24.420029184014655;7.5;6.9
154;307;287;34.156844129403325;7.5;6.9
155;307;303;31.58882660942839;7.5;6.9
157;313;295;104.8649080297165;7.5;6.9
159;317;295;21.5281055548253;7.5;6.9
160;319;293;53.0906213470697;8.5;6.9
162;313;263;135.50309807600198;7.5;6.9
163;313;307;151.9192020625639;7.5;6.9
165;329;319;44.695848006237156;8.5;6.9
167;319;334;34.70761615893154;7.5;6.9
168;289;336;120.94007841701865;7.5;6.9
169;336;293;133.9898030383686;7.5;6.9
170;339;329;98.08828008477016;8.5;6.9
172;343;317;132.01415391473046;7.5;6.9
174;347;317;127.20413390249709;7.5;6.9
175;313;350;108.52694476921519;7.5;6.9
176;351;352;81.71324110873933;7.5;6.9
177;351;347;44.631721367080615;7.5;6.9
178;307;356;186.09799734388628;7.0;5.5
179;357;356;66.95977702049571;7.5;6.9
181;357;299;210.11808212953457;7.5;6.9
182;363;357;52.113330989523924;7.5;6.9
184;363;300;242.60317580289865;7.5;6.9
186;371;363;81.18523284348231;7.5;6.9
188;350;376;122.32945045035842;7.5;6.9
189;377;378;125.10571913001937;7.5;6.9
190;378;380;25.868039592512098;7.5;6.9
191;356;382;108.46748454465028;7.0;5.5
192;376;384;92.82842895465728;7.5;6.9
193;382;384;37.44416678069631;7.0;5.5
194;376;388;62.26302806252018;7.5;6.9
195;389;382;40.5575958066638;7.5;6.9
197;357;389;133.2871857281996;7.5;6.9
198;395;389;43.8190510590926;7.5;6.9
200;395;363;151.19083487619582;7.5;6.9
202;403;395;103.21503267268646;7.5;6.9
204;407;408;50.02438985254606;14.0;7.3
205;408;410;97.43120842768181;7.5;6.9
207;413;414;111.83914573661134;7.5;6.9
208;414;416;30.541208395722567;14.0;7.3
209;388;416;177.77159703639273;7.5;6.9
210;416;420;64.08857487678229;14.0;7.3
211;420;422;34.10962812844332;14.0;7.3
212;422;424;32.37655299521657;7.5;6.9
213;425;426;36.782785286570125;17.0;8.2
216;431;425;57.90780695379024;17.0;8.2
220;439;440;43.563273023650325;7.5;6.9
221;441;85;214.81736733513043;7.5;6.9
223;445;439;65.57336224060225;7.5;6.9
224;445;431;53.729490771689264;17.0;8.2
226;451;441;139.8332691040956;7.5;6.9
228;455;441;213.4633927266252;7.5;6.9
230;455;460;82.67220373296675;7.5;6.9
232;463;451;245.84077047623;7.5;6.9
233;463;455;85.02808142993959;7.5;6.9
238;475;279;144.82608055043906;8.0;9.3
239;477;475;64.89776491524384;8.0;9.3
240;479;477;30.927287869330005;8.0;9.3
241;481;482;179.12163019375913;7.5;6.9
243;485;479;39.73792169295376;8.0;9.3
244;485;488;186.37036219059206;7.5;6.9
246;491;485;30.709848732389695;8.0;9.3
247;491;494;190.06657048047344;7.5;6.9
249;497;491;59.90818279384495;7.5;6.9
251;501;491;94.80461007714672;7.5;6.9
253;501;506;166.72569117110783;7.5;6.9
255;479;510;93.26118740486048;7.5;6.9
256;510;497;52.76216306441952;7.5;6.9
258;515;516;98.34995548254298;7.5;6.9
259;516;477;166.73369202653421;7.5;6.9
261;521;522;220.56046787480366;7.5;6.9
262;523;521;94.10405584888291;7.5;6.9
265;516;530;47.26707841349535;7.5;6.9
266;530;510;64.77247811999395;7.5;6.9
268;481;536;95.19207371048736;7.5;6.9
269;537;491;89.67491912923056;8.0;9.3
270;530;540;93.42560964440742;7.5;6.9
271;540;497;72.09502837967771;7.5;6.9
273;545;481;127.258701304454;7.5;6.9
275;536;550;65.49119351505446;7.5;6.9
276;551;552;19.688704438123708;7.5;6.9
278;555;537;104.16243204688811;8.0;9.3
279;550;558;183.16348395188356;7.5;6.9
280;559;560;66.76516446253498;7.5;6.9
281;551;540;93.69104685693895;7.5;6.9
283;565;555;152.2687979527833;8.0;9.3
284;567;536;112.01800216756315;7.5;6.9
286;571;559;139.49278038599815;7.5;6.9
287;573;545;138.80819814881;7.5;6.9
289;577;578;143.43907830589012;7.5;6.9
290;559;578;65.00137415024204;7.5;6.9
291;581;571;59.43086528398932;7.5;6.9
292;581;551;68.68076517602712;7.5;6.9
294;587;581;44.03847822679146;7.5;6.9
295;587;590;67.04028278972547;7.5;6.9
298;595;587;41.87155273859044;7.5;6.9
299;565;573;32.007432337313794;7.5;6.9
300;599;565;34.26980077697444;7.5;6.9
304;607;599;13.98331912797067;8.0;9.3
305;609;595;51.62934180021584;7.5;6.9
306;537;609;239.7642078966318;7.5;6.9
307;558;614;32.64774793426972;7.5;6.9
308;1363;616;30.657753639934775;7.5;6.9
309;617;618;34.179791091396176;8.0;9.3
311;614;622;31.70855318256637;7.5;6.9
312;622;624;56.23752045711743;11.0;5.5
313;625;607;20.868788256842;8.0;9.3
314;627;609;82.59267272131856;7.5;6.9
315;627;617;33.978604249569834;8.0;9.3
316;578;632;123.41221709231436;7.5;6.9
317;633;625;59.56530941180881;8.0;9.3
318;633;550;277.47721005163896;7.5;6.9
320;639;640;51.390614627643906;7.5;6.9
321;641;642;55.43799832122297;7.5;6.9
323;641;646;158.1163414245297;7.5;6.9
325;617;650;173.37999267167825;7.5;6.9
326;640;650;24.44632217757149;7.5;6.9
327;653;654;80.81338425459757;13.0;6.9
328;571;656;177.84601737768196;7.5;6.9
329;657;633;46.251865710032206;8.0;9.3
330;659;627;66.55481217313825;8.0;9.3
333;422;666;154.36165411660323;7.5;6.9
334;640;668;65.64028772025324;7.5;6.9
335;669;581;173.62152661822572;7.5;6.9
336;671;672;115.01365651903313;41.0;10.2
337;673;587;171.14607969748474;7.5;6.9
339;677;669;42.956385722176435;7.5;6.9
340;679;657;99.97032805607802;8.0;9.3
341;609;682;166.51248554315492;7.5;6.9
342;683;659;169.27901098757508;7.5;6.9
343;650;683;100.20302156616445;7.5;6.9
344;687;666;75.73452487803456;7.5;6.9
346;687;692;277.53818908922227;7.5;6.9
347;692;677;19.17399390186385;7.5;6.9
349;697;659;81.50140994005388;8.0;9.3
350;699;700;45.99741609429257;13.0;6.9
351;701;683;56.23758928570976;7.5;6.9
353;701;668;100.6035134337699;7.5;6.9
355;709;679;100.78948724544686;7.5;6.9
357;709;614;221.8035885158709;7.5;6.9
359;717;709;29.54988150896181;7.5;6.9
361;683;722;62.08882300840026;7.5;6.9
362;723;687;73.76738432480683;7.5;6.9
364;727;701;159.61952045894395;7.5;6.9
366;668;727;148.6479850579067;7.5;6.9
367;733;677;148.9059051355882;7.5;6.9
368;735;692;71.31716404714821;7.5;6.9
370;735;740;79.60948750469198;7.5;6.9
372;717;744;65.03159031701159;7.5;6.9
373;745;723;33.87428605341556;7.5;6.9
375;735;745;195.6772512016625;7.5;6.9
376;751;733;57.980982995211335;7.5;6.9
378;682;751;113.05516887124142;8.0;8.1
379;757;733;67.20136836401812;7.5;6.9
380;759;745;57.40862780864877;7.5;6.9
382;759;757;262.54735456225336;7.5;6.9
383;775;679;149.02153496710008;8.0;9.3
385;775;727;128.3071995170449;7.5;6.9
387;744;774;89.58885645075127;13.0;6.9
388;775;776;55.80377433236673;11.0;5.5
390;700;780;47.484148308289846;7.5;6.9
391;781;759;51.449066911424815;7.5;6.9
393;757;781;261.1393684846075;7.5;6.9
394;787;788;199.63383482131704;7.5;6.9
395;788;790;109.99709888972106;8.0;7.9
396;791;787;73.20824969848883;7.5;6.9
397;751;794;100.71690571524327;8.0;8.1
398;794;791;51.48396550488489;7.5;6.9
400;799;781;63.76329548140258;7.5;6.9
402;803;781;45.17190627659882;7.5;6.9
404;775;808;176.35607487581674;10.0;6.5
405;808;810;187.32694827438854;7.5;6.9
406;811;803;18.214420186619524;7.5;6.9
408;811;794;325.32634308276016;7.5;6.9
409;794;818;55.855133470682325;8.0;8.1
410;819;820;25.537970690499225;41.0;10.2
411;821;822;109.31695561452013;7.5;6.9
412;818;824;161.11603558443446;7.5;6.9
413;825;808;61.27488041469075;7.5;6.9
415;829;803;77.13850559831678;7.5;6.9
417;833;811;51.3813077563864;7.5;6.9
419;824;833;150.87802463546106;7.5;6.9
420;839;822;38.95310698334023;7.5;6.9
422;839;844;128.83229358644124;10.0;8.3
423;845;791;210.22707206527448;7.5;6.9
424;845;788;122.78865600420474;8.0;7.9
425;849;850;149.45342418379977;7.5;6.9
426;849;852;47.53056046850132;7.5;6.9
428;855;845;177.61698587272267;7.5;6.9
429;822;855;115.93165345741028;7.5;6.9
430;859;860;105.70634415208288;7.5;6.9
432;863;855;24.82721664323857;7.5;6.9
433;863;839;110.44468317221795;10.0;8.3
434;867;868;206.77423682911183;7.5;6.9
435;775;870;325.1710421745616;23.0;8.6
436;871;819;190.06642107659016;41.0;10.2
437;870;874;115.8206809376581;45.0;3.0
438;824;876;143.3643015761388;7.5;6.9
439;877;833;167.5220964155199;7.5;6.9
441;881;863;57.97429040782437;10.0;8.3
443;818;886;177.10873792814874;8.0;8.1
444;887;863;129.4202072031823;7.5;6.9
445;887;850;185.07040139235076;10.0;7.3
447;893;894;49.721787241219836;7.5;6.9
449;893;898;89.34267310113785;8.0;7.9
450;877;876;122.3082784708017;7.5;6.9
451;886;902;36.46840802545487;8.0;8.1
452;855;904;79.16465801539778;7.5;6.9
454;907;904;39.89204157696301;10.0;8.3
456;911;887;44.221469649934605;10.0;7.3
458;915;887;101.41818608219492;7.5;6.9
460;915;849;138.6823967136524;7.5;6.9
462;876;924;67.67192568984765;7.5;6.9
463;924;902;110.67547697348083;7.5;6.9
464;927;893;50.11812204264477;8.0;7.9
465;927;930;95.242291902133;7.5;6.9
467;930;907;25.97007704267432;10.0;8.3
469;902;938;171.06930062942484;8.0;8.1
470;939;927;15.318744414682305;8.0;7.9
471;941;939;96.23185028720587;7.5;6.9
473;945;877;71.61827531735297;7.5;6.9
475;945;924;97.8530014485148;7.5;6.9
476;951;907;56.18697282455268;7.5;6.9
477;953;945;43.766778823573766;7.5;6.9
478;955;951;171.69227527624216;7.5;6.9
480;955;911;102.3604030181773;10.0;7.3
482;963;964;17.091150877702063;8.0;7.9
483;963;930;113.27244100951403;10.0;8.3
485;969;874;86.07319480914909;7.5;6.9
487;973;963;25.35327467976039;10.0;8.3
489;977;868;107.34944580970694;41.0;8.6
491;981;973;31.116941212863193;10.0;8.3
493;985;945;178.8367767003041;7.5;6.9
495;902;985;199.66159212429255;7.5;6.9
496;985;938;113.09643446480428;7.5;6.9
498;995;951;115.45115625488852;7.5;6.9
499;997;998;31.62644116638975;7.5;6.9
501;997;981;100.77183455060663;7.5;6.9
502;1003;995;131.62640228461004;7.5;6.9
504;1007;981;82.28280663043822;10.0;8.3
506;1011;1003;52.47218051611902;7.5;6.9
508;1011;955;121.03054609291456;10.0;7.3
510;1019;1011;90.96661216335427;7.5;6.9
512;1023;1024;28.446242521683224;7.5;6.9
513;1023;995;119.23214961053002;7.5;6.9
514;985;1028;149.4046654277448;7.5;6.9
515;1029;997;128.78877737087984;7.5;6.9
516;1029;1007;113.84137427517618;10.0;8.3
518;1035;985;200.82738075483442;7.5;6.9
520;938;1035;163.96650611215154;8.0;8.1
521;1041;1035;42.009199663274444;7.5;6.9
523;1041;1029;61.61889096134174;10.0;8.3
525;1049;1041;91.06012038238946;7.5;6.9
527;1024;1049;187.05561181723854;7.5;6.9
528;1055;1049;104.39470954134134;7.5;6.9
530;1055;1023;194.85890381547222;7.5;6.9
531;1061;1062;58.06061596242345;7.5;6.9
533;1062;1066;49.458948094546784;10.0;7.3
534;1067;1055;132.95556801035423;7.5;6.9
536;1003;1067;338.7321945109499;7.5;6.9
537;1073;1067;69.61606644177522;7.5;6.9
540;1066;1073;24.271369177068344;10.0;7.3
541;1081;1073;40.46020098507;7.5;6.9
543;1085;1081;23.40128052538897;7.5;6.9
545;125;93;25.17721882139167;7.5;6.9
547;1093;109;110.36590900462777;7.5;6.9
549;460;1098;89.26860639775452;7.5;6.9
551;187;451;65.37705090877517;7.5;6.9
553;273;187;51.269491848577495;7.5;6.9
555;290;279;100.62109834417562;7.5;6.9
557;1113;279;83.75165630764755;7.5;6.9
559;488;290;119.62173289997843;7.5;6.9
561;494;488;28.474802340443055;7.5;6.9
563;506;494;26.417990662061122;7.5;6.9
565;336;506;35.798409471829615;7.5;6.9
567;1133;339;73.73202284476152;7.5;6.9
568;1135;339;19.5837361908254;8.5;6.9
570;482;336;66.16037157111866;7.5;6.9
572;334;482;101.07567088477809;7.5;6.9
573;522;1135;45.06305025020354;8.5;6.9
575;371;515;18.036648989692594;7.5;6.9
577;1153;371;79.00885868147941;7.5;6.9
579;560;1153;71.74179604051027;7.5;6.9
581;403;560;36.5739424804941;7.5;6.9
583;577;403;91.25562999336813;7.5;6.9
585;1169;577;131.15030103815997;7.5;6.9
587;1169;422;45.703624521187805;30.0;8.6
589;515;1113;274.52469552781423;7.5;6.9
592;356;350;105.86422843146877;7.5;6.9
595;669;656;34.77296315532517;25.0;8.6
598;722;790;36.03124848711853;28.0;8.6
599;1197;687;65.30086317332683;7.5;6.9
601;1201;1202;79.43985367244224;7.5;6.9
602;1203;416;130.3405066387662;7.5;6.9
603;380;351;74.8717267776684;7.5;6.9
604;410;378;93.11659782199973;7.5;6.9
605;1209;1;54.42208913473635;7.5;6.9
606;376;1212;65.2086127327517;7.5;6.9
608;618;555;139.6356977521405;8.0;9.3
609;1217;422;149.39623142726688;7.5;6.9
611;1113;221;123.07899738317522;7.5;6.9
613;90;1226;12.150750429589907;7.5;6.9
615;1098;125;45.21711830475773;7.5;6.9
617;1233;445;50.762136857826036;17.0;8.2
618;1235;1233;111.109455841178;17.0;8.2
619;1237;1235;27.549442722495833;17.0;8.2
621;463;1235;29.072150711308286;7.5;6.9
622;646;1244;62.030146091705326;7.5;6.9
626;717;622;215.50939250898165;11.0;5.5
627;1253;641;35.06099110584501;7.5;6.9
629;776;717;68.79987033051327;11.0;5.5
630;774;776;22.806073666963083;7.5;6.9
631;775;790;344.1876419417473;25.0;8.6
634;881;911;146.69319395644416;7.5;6.9
635;1269;867;105.35353417662758;10.0;6.5
637;860;808;126.16245653806301;10.0;6.5
639;820;1278;133.58982100706072;41.0;10.2
641;1281;791;85.70573490137629;7.5;6.9
643;788;821;115.81675108466774;7.5;6.9
644;898;845;47.6814145834719;8.0;7.9
645;886;1290;50.763667085187286;7.5;6.9
647;1293;1290;66.73761696993105;7.5;6.9
649;964;939;65.03217867673847;8.0;7.9
650;964;1300;69.18890506162654;7.5;6.9
652;751;787;56.364918631411356;7.5;6.9
653;775;850;93.5122303976724;10.0;7.3
654;850;844;59.008795778085464;7.5;6.9
655;844;775;38.32977498389362;10.0;8.3
656;625;639;15.828627403573337;7.5;6.9
657;599;639;26.80315037770089;7.5;6.9
658;384;420;214.96359477249572;7.0;5.5
659;424;395;212.57364792463355;7.5;6.9
660;300;1113;99.74838230565018;7.5;6.9
662;300;1324;43.18111639721592;7.5;6.9
664;10;1328;131.4415579696382;7.5;6.9
665;1329;1330;92.28532034062405;7.5;6.9
666;1331;1332;37.21086313699732;7.5;6.9
668;697;682;56.625135081976076;26.0;8.6
670;1339;723;74.53351569541644;7.5;6.9
672;1343;997;23.127560674403508;7.5;6.9
674;894;1293;58.44092576059245;7.5;6.9
676;13;60;171.481329321197;7.5;6.9
677;624;1354;134.0940035293789;11.0;5.5
678;1355;1329;31.148059791496266;7.5;6.9
679;1357;1331;74.81558713766785;7.5;6.9
680;1359;1360;180.91997683909617;7.5;6.9
682;1363;1359;22.404259163456828;7.5;6.9
685;697;722;178.7716592056785;30.0;8.6
687;1373;682;59.89899898547334;27.0;8.6
688;673;1373;43.27189693591505;32.0;8.6
689;669;673;43.39710971016688;27.0;8.6
692;632;656;123.81701488846903;26.0;8.6
693;632;1201;38.71811517355693;31.0;8.6
695;334;1133;66.4412478481199;7.5;6.9
697;1393;1081;83.25224514240143;7.5;6.9
701;1278;1402;104.55836851656731;41.0;10.2
702;1402;671;106.03238691108317;41.0;10.2
705;523;1410;342.23290228691974;17.0;8.2
706;1410;1412;27.419901743521987;17.0;8.2
710;1419;12;87.73181572632943;41.0;10.2
714;278;303;45.915806346502094;7.5;6.9
715;1093;89;116.67647891137008;7.5;6.9
719;75;108;79.89105464753166;7.5;6.9
720;1412;1237;51.049454648617235;17.0;8.2
724;904;881;26.248196055750736;10.0;8.3
726;555;1452;116.96255017978395;8.0;9.3
727;1452;501;101.44574748195387;7.5;6.9
729;336;1452;172.49074208373042;7.5;6.9
730;1452;481;183.44393174059647;7.5;6.9
731;1452;573;185.88656249071613;7.5;6.9
733;1465;871;188.81978590463692;41.0;10.2
734;1467;1465;129.63872609934964;41.0;10.2
737;1473;700;46.08995894232885;7.5;6.9
738;1475;653;128.93699173232582;7.5;6.9
739;1477;1475;60.638736025467026;7.5;6.9
741;522;1482;89.92971380480185;7.5;6.9
743;521;1482;259.7096376932397;7.5;6.9
744;1482;273;112.33750539009036;7.5;6.9
746;699;1253;44.40494396121916;7.5;6.9
748;1495;1357;56.64727343185275;7.5;6.9
749;12;1495;178.4734956944497;7.5;6.9
750;293;1500;75.67717237238959;8.5;6.9
752;1500;231;138.38366163765454;8.5;6.9
754;1500;1508;53.41917590362473;7.5;6.9
756;1511;1135;122.78534599626626;7.5;6.9
757;329;1511;62.683354371174254;7.5;6.9
758;1511;1516;27.099765210405167;7.5;6.9
760;867;860;192.935081122773;10.0;6.5
765;1529;1530;147.9838704921295;7.5;6.9
766;1530;1233;186.35344218421088;7.5;6.9
767;1529;1534;170.2848698889435;41.0;10.2
772;426;1544;19.173858527083144;17.0;8.2
774;1544;75;46.688486656268466;17.0;8.2
776;1551;1552;173.5837165974563;7.5;6.9
777;1552;1554;35.45353146633787;7.5;6.9
778;1555;1402;65.12265579083467;7.5;6.9
779;1557;1558;117.05360288116499;41.0;10.2
780;1558;1467;491.91978166474587;41.0;10.2
781;616;1562;65.08171226547714;7.5;6.9
782;1610;1564;66.63159341501022;7.5;6.9
783;188;1566;174.61687143516494;7.5;6.9
784;1566;85;17.23433372873087;7.5;6.9
785;1569;440;84.61908488011653;7.5;6.9
786;1332;1569;136.75359499196668;7.5;6.9
789;440;1578;65.56936560376809;7.5;6.9
790;1578;1551;42.14892792404044;7.5;6.9
791;1581;1419;85.22758045891943;41.0;10.2
792;1226;1584;139.55215721000303;7.5;6.9
794;1554;1419;298.8868545670099;7.5;6.9
796;700;744;97.9321557865706;13.0;6.9
797;1278;1594;74.45034837517046;7.5;6.9
798;1594;1473;163.35659009222877;7.5;6.9
803;653;1363;130.79684669833048;7.5;6.9
805;672;1610;419.3264259614787;41.0;10.2
806;1610;1529;116.07813463323482;41.0;10.2
807;1534;1614;415.73315546916626;41.0;10.2
808;1614;1581;78.02450539507315;41.0;10.2
811;1330;1584;123.62658040577702;7.5;6.9
813;60;137;163.53846140181577;7.5;6.9
814;167;137;169.0760214011015;7.5;6.9
815;70;156;268.9700553648527;8.5;6.9
816;60;45;125.24334494028511;7.5;6.9
818;27;24;235.4472961695562;7.5;6.9
820;76;29;158.78787265111282;7.5;6.9
822;1643;1041;30.352196405062504;10.0;8.3
824;1647;666;42.529544517758694;7.5;6.9
825;1202;1647;24.533522444503703;7.5;6.9
826;1201;1169;181.52405346555398;24.0;8.6
827;52;17;154.1257648904969;7.5;6.9
828;100;43;95.71392367069859;7.5;6.9
830;1659;671;94.4721744778158;7.5;6.9
831;1661;1363;164.1136113022973;7.5;6.9
832;1564;1661;167.99818553806372;7.5;6.9
833;1049;1666;41.48981221350221;7.5;6.9
834;1666;1668;24.59963650263655;7.5;6.9
835;1669;414;67.88559448598748;14.0;7.3
836;408;1669;47.576649202709746;14.0;7.3
838;1675;1477;36.62708954564377;7.5;6.9
842;1659;699;140.90768210812084;13.0;6.9
843;654;1659;42.66020675349337;13.0;6.9
844;774;775;44.064583133934164;13.0;6.9
845;1689;1555;66.54493694523738;7.5;6.9
846;1562;1689;54.15406287423896;7.5;6.9
847;1693;1355;14.1891430967956;7.5;6.9
848;1357;1693;21.175054879024575;7.5;6.9
849;1062;1011;272.0402262467104;10.0;7.3
851;10;1702;72.9046438664661;7.5;6.9
852;1702;1;48.61041545097179;7.5;6.9
853;874;868;36.80653416106664;34.0;8.6
855;1709;1330;79.40224392451641;7.0;6.2
856;1330;1712;165.58853325593194;7.0;6.2
859;1360;1718;279.38940667231043;7.5;6.9
861;1269;1722;171.4522131113221;10.0;6.5
864;1727;1360;245.6876508914255;7.5;6.9
866;523;1732;25.322522409223186;7.5;6.9
867;1732;1675;16.88852768934112;7.5;6.9
870;1354;523;28.301682594278603;11.0;5.5
871;1741;1742;170.10803606000943;7.5;6.9
873;1742;1746;124.34650277746087;7.5;6.9
874;1746;1269;96.29951738821694;7.5;6.9
877;1753;24;199.1807194042781;7.5;6.9
879;1153;1758;25.818317614139723;7.5;6.9
881;1360;1762;97.43439528368764;7.5;6.9
882;1762;1741;179.33949499471478;7.5;6.9
883;1741;1746;233.38567136828607;7.5;6.9
887;1773;1330;115.5254556249301;7.0;6.2
