#id;begin_inter;end_inter;length;width;height;typo
1;1;2;122.686160495;7.5;6.9;0
3;1;6;107.94798805;7.5;6.9;0
4;7;8;155.856467313;7.5;6.9;0
5;8;10;124.490042998;7.5;6.9;0
6;11;12;196.113095869;41;10.2;0
7;13;10;99.5930099431;7.5;6.9;0
8;1;13;169.563212564;7.5;6.9;0
9;17;18;156.567562811;7.5;6.9;0
10;17;8;145.452588007;7.5;6.9;0
11;1;22;198.442274833;7.5;6.9;0
12;22;24;189.386592243;7.5;6.9;0
14;27;28;129.283403254;7.5;6.9;0
15;29;27;28.243530365;7.5;6.9;0
17;33;34;88.3260073982;7.5;6.9;0
19;8;38;110.337649;7.5;6.9;0
20;39;22;65.6165007085;7.5;6.9;0
22;43;17;111.375573317;7.5;6.9;0
23;45;13;91.6798287692;7.5;6.9;0
24;45;39;70.3955316824;7.5;6.9;0
26;51;52;147.955496888;7.5;6.9;0
27;53;29;51.5815021879;7.5;6.9;0
29;43;38;149.019511139;7.5;6.9;0
30;38;60;90.791902178;7.5;6.9;0
31;61;33;162.758975304;7.5;6.9;0
33;65;61;113.003794524;7.5;6.9;0
34;22;68;143.325137061;7.5;6.9;0
35;61;70;51.9163292326;7.5;6.9;0
36;70;72;249.975023456;7.5;6.9;0
37;70;52;185.638007094;7.5;6.9;0
38;75;76;75.4175352331;7.5;6.9;0
40;75;80;186.517034187;7.5;6.9;0
43;85;68;105.064084043;7.5;6.9;0
45;89;90;24.7966564057;7.5;6.9;0
47;93;76;55.0092505955;7.5;6.9;0
49;52;98;108.810678923;7.5;6.9;0
50;98;100;49.5343965242;7.5;6.9;0
52;103;61;42.0470138766;7.5;6.9;0
53;70;103;48.9144391921;7.5;6.9;0
54;107;108;177.041731612;7.5;6.9;0
55;109;108;27.8165283167;7.5;6.9;0
57;113;39;151.784293002;7.5;6.9;0
58;68;113;81.8073497971;7.5;6.9;0
59;117;33;179.230249592;7.5;6.9;0
62;103;117;48.3441634452;7.5;6.9;0
63;125;126;80.3039273969;7.5;6.9;0
65;129;117;106.61728493;7.5;6.9;0
67;133;129;16.9798886477;7.5;6.9;0
69;137;43;116.456786014;7.5;6.9;0
70;139;133;54.4207021243;7.5;6.9;0
72;143;45;176.89037051;7.5;6.9;0
74;113;143;89.955390415;7.5;6.9;0
75;149;139;42.0854718295;7.5;6.9;0
77;153;103;102.168951304;7.5;6.9;0
78;98;156;115.403841784;7.5;6.9;0
79;137;156;141.887591684;7.5;6.9;0
80;159;143;54.8076858968;7.5;6.9;0
82;60;164;167.887565329;7.5;6.9;0
83;143;164;104.577597603;7.5;6.9;0
84;167;60;274.959338576;7.5;6.9;0
86;129;172;96.1702534315;7.5;6.9;0
87;173;139;18.6779016392;7.5;6.9;0
88;175;173;71.2963455669;7.5;6.9;0
89;175;172;63.6071455662;7.5;6.9;0
91;181;70;49.6334594179;7.5;6.9;0
92;183;181;157.84131756;7.5;6.9;0
93;164;167;187.437334605;7.5;6.9;0
94;187;188;328.604776062;7.5;6.9;0
96;191;188;57.3318029434;7.5;6.9;0
97;193;183;64.8583893124;7.5;6.9;0
99;156;167;186.021979725;8.5;6.9;0
100;172;200;77.4579533775;7.5;6.9;0
101;201;175;75.948653714;7.5;6.9;0
102;201;200;65.1874452259;7.5;6.9;0
104;207;201;43.5626832659;7.5;6.9;0
106;211;183;93.0856451254;7.5;6.9;0
107;213;211;40.1854511359;7;5.5;0
108;156;213;128.894063453;7;5.5;0
109;217;211;51.1337413529;7.5;6.9;0
110;200;220;67.0760710508;7.5;6.9;0
111;221;217;79.1931113573;7.5;6.9;0
112;223;221;39.3175427655;7.5;6.9;0
113;156;223;146.495408559;7.5;6.9;0
114;227;221;39.8777976371;7.5;6.9;0
115;167;227;104.63075841;7.5;6.9;0
116;231;167;120.309357256;8.5;6.9;0
118;231;191;168.609365503;7.5;6.9;0
119;237;201;68.4390663492;7.5;6.9;0
120;237;220;64.9317880511;7.5;6.9;0
121;211;242;62.6069319397;7;5.5;0
122;243;153;211.703032428;7.5;6.9;0
123;211;243;129.454887633;7.5;6.9;0
124;247;153;229.262199278;7.5;6.9;0
126;247;243;43.2794603195;7.5;6.9;0
127;253;237;35.0567146874;7.5;6.9;0
128;242;217;86.1244735112;7.5;6.9;0
129;257;253;77.4092430043;7.5;6.9;0
131;261;247;48.6536687095;7.5;6.9;0
132;263;264;125.003726157;7.5;6.9;0
134;263;261;19.0498504025;7.5;6.9;0
135;269;253;49.7198189304;7.5;6.9;0
136;220;269;109.96007675;7.5;6.9;0
137;273;191;363.512400629;7.5;6.9;0
139;242;278;110.57867734;7;5.5;0
140;279;221;104.138526382;7.5;6.9;0
142;279;231;206.565595888;7.5;6.9;0
144;287;278;39.9247796747;7.5;6.9;0
145;289;290;120.068308582;7.5;6.9;0
146;231;289;138.022929426;7.5;6.9;0
147;293;289;131.63100018;7.5;6.9;0
148;295;269;56.3343210386;7.5;6.9;0
150;299;300;56.1370326335;7.5;6.9;0
152;303;299;24.4468991605;7.5;6.9;0
154;307;287;34.1980610389;7.5;6.9;0
155;307;303;31.6921838466;7.5;6.9;0
157;313;295;104.881164158;7.5;6.9;0
159;317;295;21.9016781755;7.5;6.9;0
160;319;293;52.8896976219;8.5;6.9;0
162;313;263;135.183330803;7.5;6.9;0
163;313;307;151.180967103;7.5;6.9;0
165;329;319;44.8516789138;8.5;6.9;0
167;319;334;34.8636229313;7.5;6.9;0
168;289;336;121.127321288;7.5;6.9;0
169;336;293;133.899229349;7.5;6.9;0
170;339;329;98.0606724588;8.5;6.9;0
172;343;317;131.615936024;7.5;6.9;0
174;347;317;127.539875514;7.5;6.9;0
175;313;350;108.626974152;7.5;6.9;0
176;351;352;81.3928318315;7.5;6.9;0
177;351;347;44.3832417552;7.5;6.9;0
178;307;356;185.933974236;7;5.5;0
179;357;356;66.5830186027;7.5;6.9;0
181;357;299;210.275534479;7.5;6.9;0
182;363;357;52.0683544558;7.5;6.9;0
184;363;300;242.431852257;7.5;6.9;0
186;371;363;81.0599581097;7.5;6.9;0
188;350;376;122.016420386;7.5;6.9;0
189;377;378;124.95064963;7.5;6.9;0
190;378;380;25.7811829843;7.5;6.9;0
191;356;382;108.473122971;7;5.5;0
192;376;384;92.4605470086;7.5;6.9;0
193;382;384;37.163622551;7;5.5;0
194;376;388;62.5726607758;7.5;6.9;0
195;389;382;40.1465200528;7.5;6.9;0
197;357;389;133.035350196;7.5;6.9;0
198;395;389;43.9699061238;7.5;6.9;0
200;395;363;151.170057095;7.5;6.9;0
202;403;395;103.120012435;7.5;6.9;0
204;407;408;49.5949483759;14;7.3;0
205;408;410;97.0613955063;7.5;6.9;0
207;413;414;111.65505022;7.5;6.9;0
208;414;416;29.9517479891;14;7.3;0
209;388;416;177.707619089;7.5;6.9;0
210;416;420;64.6744235138;14;7.3;0
211;420;422;33.9330947467;14;7.3;0
212;422;424;32.3858797415;7.5;6.9;0
213;425;426;36.9879909431;17;8.2;0
216;431;425;57.8533867542;17;8.2;0
220;439;440;43.7759825309;7.5;6.9;0
221;441;85;214.343468471;7.5;6.9;0
223;445;439;65.1494130759;7.5;6.9;0
224;445;431;53.590618327;17;8.2;0
226;451;441;139.73953449;7.5;6.9;0
228;455;441;212.930476958;7.5;6.9;0
230;455;460;82.555289692;7.5;6.9;0
232;463;451;244.925083769;7.5;6.9;0
233;463;455;85.0231857591;7.5;6.9;0
238;475;279;144.881498189;8;9.3;0
239;477;475;64.8092483961;8;9.3;0
240;479;477;30.36801969;8;9.3;0
241;481;482;178.582051923;7.5;6.9;0
243;485;479;40.1464078049;8;9.3;0
244;485;488;186.165868161;7.5;6.9;0
246;491;485;30.4296879311;8;9.3;0
247;491;494;189.759156664;7.5;6.9;0
249;497;491;59.6548061559;7.5;6.9;0
251;501;491;94.9198697273;7.5;6.9;0
253;501;506;166.725439486;7.5;6.9;0
255;479;510;92.8278877552;7.5;6.9;0
256;510;497;52.8039139408;7.5;6.9;0
258;515;516;97.2529536478;7.5;6.9;0
259;516;477;166.962096129;7.5;6.9;0
261;521;522;219.887693575;7.5;6.9;0
262;523;521;93.697868722;7.5;6.9;0
265;516;530;47.4216780382;7.5;6.9;0
266;530;510;64.9737623164;7.5;6.9;0
268;481;536;95.3272362403;7.5;6.9;0
269;537;491;89.6785879641;8;9.3;0
270;530;540;93.0015174594;7.5;6.9;0
271;540;497;72.205643257;7.5;6.9;0
273;545;481;126.937013841;7.5;6.9;0
275;536;550;65.2602667192;7.5;6.9;0
276;551;552;19.2646153691;7.5;6.9;0
278;555;537;103.845417333;8;9.3;0
279;550;558;182.852087401;7.5;6.9;0
280;559;560;66.684326547;7.5;6.9;0
281;551;540;93.4718885615;7.5;6.9;0
283;565;555;152.526844481;8;9.3;0
284;567;536;112.071752553;7.5;6.9;0
286;571;559;138.583555119;7.5;6.9;0
287;573;545;139.028522122;7.5;6.9;0
289;577;578;142.808849764;7.5;6.9;0
290;559;578;65.1276902166;7.5;6.9;0
291;581;571;59.7456122957;7.5;6.9;0
292;581;551;68.6823911795;7.5;6.9;0
294;587;581;44.4838482801;7.5;6.9;0
295;587;590;67.043546711;7.5;6.9;0
298;595;587;41.948512577;7.5;6.9;0
299;565;573;32.0157240518;7.5;6.9;0
300;599;565;33.9986352406;7.5;6.9;0
304;607;599;14.1883018162;8;9.3;0
305;609;595;51.4946768719;7.5;6.9;0
306;537;609;239.448766267;7.5;6.9;0
307;558;614;32.7431828922;7.5;6.9;0
308;1363;616;30.8009084967;7.5;6.9;0
309;617;618;34.1635192653;8;9.3;0
311;614;622;31.5612394519;7.5;6.9;0
312;622;624;56.4367789843;11;5.5;0
313;625;607;20.7888794377;8;9.3;0
314;627;609;82.5684984249;7.5;6.9;0
315;627;617;33.5901959661;8;9.3;0
316;578;632;123.337942773;7.5;6.9;0
317;633;625;59.3246111755;8;9.3;0
318;633;550;277.140152147;7.5;6.9;0
320;639;640;51.3990259241;7.5;6.9;0
321;641;642;55.940981793;7.5;6.9;0
323;641;646;157.539341797;7.5;6.9;0
325;617;650;173.306460133;7.5;6.9;0
326;640;650;23.8045408719;7.5;6.9;0
327;653;654;80.9610536551;13;6.9;0
328;571;656;177.729654048;7.5;6.9;0
329;657;633;46.6022089962;8;9.3;0
330;659;627;66.6758788331;8;9.3;0
333;422;666;154.11008068;7.5;6.9;0
334;640;668;65.7513128535;7.5;6.9;0
335;669;581;173.392973979;7.5;6.9;0
336;671;672;114.960648531;41;10.2;0
337;673;587;170.817385282;7.5;6.9;0
339;677;669;43.0000312111;7.5;6.9;0
340;679;657;99.6963473438;8;9.3;0
341;609;682;166.602116427;7.5;6.9;0
342;683;659;168.850267358;7.5;6.9;0
343;650;683;100.171765901;7.5;6.9;0
344;687;666;75.5244754082;7.5;6.9;0
346;687;692;277.199658105;7.5;6.9;0
347;692;677;18.9680630306;7.5;6.9;0
349;697;659;81.4342900377;8;9.3;0
350;699;700;46.107192063;13;6.9;0
351;701;683;56.4636812975;7.5;6.9;0
353;701;668;100.530608551;7.5;6.9;0
355;709;679;100.075899245;7.5;6.9;0
357;709;614;221.624536709;7.5;6.9;0
359;717;709;29.475231471;7.5;6.9;0
361;683;722;62.2117461634;7.5;6.9;0
362;723;687;73.7461525402;7.5;6.9;0
364;727;701;159.461347948;7.5;6.9;0
366;668;727;148.660613568;7.5;6.9;0
367;733;677;148.530453011;7.5;6.9;0
368;735;692;71.2957135043;7.5;6.9;0
370;735;740;78.8719233093;7.5;6.9;0
372;717;744;65.2322255613;7.5;6.9;0
373;745;723;33.8925661804;7.5;6.9;0
375;735;745;195.090258726;7.5;6.9;0
376;751;733;57.6767681279;7.5;6.9;0
378;682;751;113.039997869;8;8.1;0
379;757;733;67.1590576033;7.5;6.9;0
380;759;745;57.4100364806;7.5;6.9;0
382;759;757;261.857831527;7.5;6.9;0
383;775;679;148.870958518;8;9.3;0
385;775;727;127.396590729;7.5;6.9;0
387;744;774;89.7299790615;13;6.9;0
388;775;776;55.7272625002;11;5.5;0
390;700;780;47.5514977296;7.5;6.9;0
391;781;759;51.4124382878;7.5;6.9;0
393;757;781;260.30462371;7.5;6.9;0
394;787;788;198.794513949;7.5;6.9;0
395;788;790;110.010882372;8;7.9;0
396;791;787;73.3406360377;7.5;6.9;0
397;751;794;100.713420859;8;8.1;0
398;794;791;51.3311214351;7.5;6.9;0
400;799;781;63.7724993412;7.5;6.9;0
402;803;781;45.347085039;7.5;6.9;0
404;775;808;175.105680122;10;6.5;0
405;808;810;187.267016312;7.5;6.9;0
406;811;803;17.878612956;7.5;6.9;0
408;811;794;324.064445137;7.5;6.9;0
409;794;818;55.7272625002;8;8.1;0
410;819;820;25.4922046814;41;10.2;0
411;821;822;108.510256523;7.5;6.9;0
412;818;824;161.329795167;7.5;6.9;0
413;825;808;61.3841682018;7.5;6.9;0
415;829;803;77.1173864809;7.5;6.9;0
417;833;811;51.3502560728;7.5;6.9;0
419;824;833;150.526972788;7.5;6.9;0
420;839;822;38.8632226642;7.5;6.9;0
422;839;844;129.319788227;10;8.3;0
423;845;791;209.662794761;7.5;6.9;0
424;845;788;122.798358381;8;7.9;0
425;849;850;149.558020383;7.5;6.9;0
426;849;852;47.3098891646;7.5;6.9;0
428;855;845;177.261997605;7.5;6.9;0
429;822;855;115.671210035;7.5;6.9;0
430;859;860;105.751530228;7.5;6.9;0
432;863;855;25.2324377801;7.5;6.9;0
433;863;839;109.983024131;10;8.3;0
434;867;868;206.491758652;7.5;6.9;0
435;775;870;323.938490292;23;8.6;0
436;871;819;190.021459394;41;10.2;0
437;870;874;115.921246965;45;3;0
438;824;876;143.373705929;7.5;6.9;0
439;877;833;167.248514329;7.5;6.9;0
441;881;863;58.1945632983;10;8.3;0
443;818;886;177.071662555;8;8.1;0
444;887;863;129.459726166;7.5;6.9;0
445;887;850;184.92318975;10;7.3;0
447;893;894;49.8711303955;7.5;6.9;0
449;893;898;89.357114815;8;7.9;0
450;877;876;121.671871975;7.5;6.9;0
451;886;902;36.3437318391;8;8.1;0
452;855;904;79.0910747727;7.5;6.9;0
454;907;904;39.7786828555;10;8.3;0
456;911;887;44.1408301268;10;7.3;0
458;915;887;100.892328796;7.5;6.9;0
460;915;849;138.636938153;7.5;6.9;0
462;876;924;67.7057087143;7.5;6.9;0
463;924;902;110.841137858;7.5;6.9;0
464;927;893;50.004954725;8;7.9;0
465;927;930;94.8563739277;7.5;6.9;0
467;930;907;26.1361892719;10;8.3;0
469;902;938;170.979235972;8;8.1;0
470;939;927;15.2954877969;8;7.9;0
471;941;939;96.7393015409;7.5;6.9;0
473;945;877;71.5402825766;7.5;6.9;0
475;945;924;97.4759469503;7.5;6.9;0
476;951;907;56.2217382824;7.5;6.9;0
477;953;945;43.6426764931;7.5;6.9;0
478;955;951;171.014338768;7.5;6.9;0
480;955;911;102.37776051;10;7.3;0
482;963;964;17.1882710015;8;7.9;0
483;963;930;112.940091543;10;8.3;0
485;969;874;86.0529172191;7.5;6.9;0
487;973;963;25.7811829843;10;8.3;0
489;977;868;107.538396153;41;8.6;0
491;981;973;30.5759462858;10;8.3;0
493;985;945;178.537180076;7.5;6.9;0
495;902;985;199.788667394;7.5;6.9;0
496;985;938;112.955651629;7.5;6.9;0
498;995;951;115.223296145;7.5;6.9;0
499;997;998;31.5613822329;7.5;6.9;0
501;997;981;100.385313096;7.5;6.9;0
502;1003;995;130.598193896;7.5;6.9;0
504;1007;981;81.7421583024;10;8.3;0
506;1011;1003;53.0036615178;7.5;6.9;0
508;1011;955;121.005269653;10;7.3;0
510;1019;1011;90.7100686456;7.5;6.9;0
512;1023;1024;28.3632608492;7.5;6.9;0
513;1023;995;119.182976957;7.5;6.9;0
514;985;1028;149.269024469;7.5;6.9;0
515;1029;997;128.715145147;7.5;6.9;0
516;1029;1007;113.567934917;10;8.3;0
518;1035;985;200.882911042;7.5;6.9;0
520;938;1035;163.987475606;8;8.1;0
521;1041;1035;42.3660401242;7.5;6.9;0
523;1041;1029;61.5501493343;10;8.3;0
525;1049;1041;90.9483127439;7.5;6.9;0
527;1024;1049;186.882201784;7.5;6.9;0
528;1055;1049;104.408889448;7.5;6.9;0
530;1055;1023;194.875645008;7.5;6.9;0
531;1061;1062;58.0883014984;7.5;6.9;0
533;1062;1066;49.2374763577;10;7.3;0
534;1067;1055;132.537700337;7.5;6.9;0
536;1003;1067;338.633529204;7.5;6.9;0
537;1073;1067;68.9355786085;7.5;6.9;0
540;1066;1073;24.1861529489;10;7.3;0
541;1081;1073;40.25189462;7.5;6.9;0
543;1085;1081;23.5341903788;7.5;6.9;0
545;125;93;24.9937794454;7.5;6.9;0
547;1093;109;110.33450416;7.5;6.9;0
549;460;1098;89.2661416803;7.5;6.9;0
551;187;451;65.1675329775;7.5;6.9;0
553;273;187;51.2449271488;7.5;6.9;0
555;290;279;100.52451207;7.5;6.9;0
557;1113;279;83.3116605912;7.5;6.9;0
559;488;290;118.809922912;7.5;6.9;0
561;494;488;28.2432112561;7.5;6.9;0
563;506;494;26.8690374447;7.5;6.9;0
565;336;506;36.162249463;7.5;6.9;0
567;1133;339;73.3571626606;7.5;6.9;0
568;1135;339;19.3786640638;8.5;6.9;0
570;482;336;66.4373467112;7.5;6.9;0
572;334;482;101.139202841;7.5;6.9;0
573;522;1135;45.1344212766;8.5;6.9;0
575;371;515;18.3576491477;7.5;6.9;0
577;1153;371;78.7798820901;7.5;6.9;0
579;560;1153;71.5117422047;7.5;6.9;0
581;403;560;36.3298420088;7.5;6.9;0
583;577;403;91.3915837559;7.5;6.9;0
585;1169;577;130.735212352;7.5;6.9;0
587;1169;422;44.9694788036;30;8.6;0
589;515;1113;274.1619966;7.5;6.9;0
592;356;350;105.669170472;7.5;6.9;0
595;669;656;34.3906966032;25;8.6;0
598;722;790;36.3087490771;28;8.6;0
599;1197;687;64.6944178801;7.5;6.9;0
601;1201;1202;79.5104516048;7.5;6.9;0
602;1203;416;130.224724498;7.5;6.9;0
603;380;351;74.6426327637;7.5;6.9;0
604;410;378;93.4718885615;7.5;6.9;0
605;1209;1;54.8066170103;7.5;6.9;0
606;376;1212;65.2410674243;7.5;6.9;0
608;618;555;139.449579888;8;9.3;0
609;1217;422;149.387260055;7.5;6.9;0
611;1113;221;122.991160879;7.5;6.9;0
613;90;1226;12.194659823;7.5;6.9;0
615;1098;125;45.1149476933;7.5;6.9;0
617;1233;445;50.904267818;17;8.2;0
618;1235;1233;110.964541383;17;8.2;0
619;1237;1235;27.5047072175;17;8.2;0
621;463;1235;29.0928287372;7.5;6.9;0
622;646;1244;62.0082309609;7.5;6.9;0
626;717;622;215.302225774;11;5.5;0
627;1253;641;35.0568432319;7.5;6.9;0
629;776;717;68.6648050433;11;5.5;0
630;774;776;22.7789329463;7.5;6.9;0
631;775;790;343.90539366;25;8.6;0
634;881;911;146.675004637;7.5;6.9;0
635;1269;867;105.245872484;10;6.5;0
637;860;808;126.196117151;10;6.5;0
639;820;1278;133.540324435;41;10.2;0
641;1281;791;85.7048613043;7.5;6.9;0
643;788;821;115.783589141;7.5;6.9;0
644;898;845;47.6720791438;8;7.9;0
645;886;1290;51.0089750111;7.5;6.9;0
647;1293;1290;66.8353937206;7.5;6.9;0
649;964;939;64.9897123631;8;7.9;0
650;964;1300;67.9870637361;7.5;6.9;0
652;751;787;56.8664812158;7.5;6.9;0
653;775;850;93.6052409577;10;7.3;0
654;850;844;59.0002827835;7.5;6.9;0
655;844;775;38.127840571;10;8.3;0
656;625;639;16.0782954281;7.5;6.9;0
657;599;639;26.6795213758;7.5;6.9;0
658;384;420;214.718712603;7;5.5;0
659;424;395;211.591207715;7.5;6.9;0
660;300;1113;99.3582143028;7.5;6.9;0
662;300;1324;43.1846051125;7.5;6.9;0
664;10;1328;131.209030898;7.5;6.9;0
665;1329;1330;91.9279623197;7.5;6.9;0
666;1331;1332;37.430039653;7.5;6.9;0
668;697;682;57.1504185729;26;8.6;0
670;1339;723;74.3169375288;7.5;6.9;0
672;1343;997;22.6348527305;7.5;6.9;0
674;894;1293;57.8662376193;7.5;6.9;0
676;13;60;171.628814601;7.5;6.9;0
677;624;1354;133.84786223;11;5.5;0
678;1355;1329;31.1436977712;7.5;6.9;0
679;1357;1331;74.8125085278;7.5;6.9;0
680;1359;1360;180.473924106;7.5;6.9;0
682;1363;1359;22.1402874348;7.5;6.9;0
685;697;722;177.90175729;30;8.6;0
687;1373;682;59.4689134512;27;8.6;0
688;673;1373;42.9739283656;32;8.6;0
689;669;673;43.5637177067;27;8.6;0
692;632;656;123.953801533;26;8.6;0
693;632;1201;38.2241624973;31;8.6;0
695;334;1133;66.5470029686;7.5;6.9;0
697;1393;1081;83.3359976861;7.5;6.9;0
701;1278;1402;104.525875588;41;10.2;0
702;1402;671;106.086616761;41;10.2;0
705;523;1410;342.057122015;17;8.2;0
706;1410;1412;27.5047072175;17;8.2;0
710;1419;12;87.6533035689;41;10.2;0
714;278;303;45.8856777308;7.5;6.9;0
715;1093;89;116.733517115;7.5;6.9;0
719;75;108;79.1928837435;7.5;6.9;0
720;1412;1237;50.9489538759;17;8.2;0
724;904;881;26.1322233518;10;8.3;0
726;555;1452;117.102141672;8;9.3;0
727;1452;501;101.148603714;7.5;6.9;0
729;336;1452;172.417504;7.5;6.9;0
730;1452;481;182.360749052;7.5;6.9;0
731;1452;573;185.681138689;7.5;6.9;0
733;1465;871;188.838454598;41;10.2;0
734;1467;1465;129.554580578;41;10.2;0
737;1473;700;45.9371100666;7.5;6.9;0
738;1475;653;129.241743131;7.5;6.9;0
739;1477;1475;60.0836193228;7.5;6.9;0
741;522;1482;89.9156058331;7.5;6.9;0
743;521;1482;259.370010101;7.5;6.9;0
744;1482;273;112.318127158;7.5;6.9;0
746;699;1253;44.2596056508;7.5;6.9;0
748;1495;1357;56.5646302696;7.5;6.9;0
749;12;1495;178.521530323;7.5;6.9;0
750;293;1500;75.6238756914;8.5;6.9;0
752;1500;231;137.609623147;8.5;6.9;0
754;1500;1508;53.3531306826;7.5;6.9;0
756;1511;1135;122.719213722;7.5;6.9;0
757;329;1511;62.8693196993;7.5;6.9;0
758;1511;1516;26.8692051597;7.5;6.9;0
760;867;860;192.118599469;10;6.5;0
765;1529;1530;148.044680044;7.5;6.9;0
766;1530;1233;186.312354447;7.5;6.9;0
767;1529;1534;170.437470264;41;10.2;0
772;426;1544;18.9678254532;17;8.2;0
774;1544;75;46.8021390548;17;8.2;0
776;1551;1552;173.062803918;7.5;6.9;0
777;1552;1554;35.6405872586;7.5;6.9;0
778;1555;1402;65.1276902166;7.5;6.9;0
779;1557;1558;117.13642435;41;10.2;0
780;1558;1467;491.855830102;41;10.2;0
781;616;1562;64.9881175346;7.5;6.9;0
782;1610;1564;66.6069731024;7.5;6.9;0
783;188;1566;174.388519472;7.5;6.9;0
784;1566;85;17.0820234415;7.5;6.9;0
785;1569;440;84.6685020175;7.5;6.9;0
786;1332;1569;136.26069634;7.5;6.9;0
789;440;1578;65.5867567536;7.5;6.9;0
790;1578;1551;41.6492307521;7.5;6.9;0
791;1581;1419;85.1451606939;41;10.2;0
792;1226;1584;138.873046442;7.5;6.9;0
794;1554;1419;298.574621283;7.5;6.9;0
796;700;744;97.2788522679;13;6.9;0
797;1278;1594;74.4286681486;7.5;6.9;0
798;1594;1473;162.866366571;7.5;6.9;0
803;653;1363;130.606509455;7.5;6.9;0
805;672;1610;419.190976626;41;10.2;0
806;1610;1529;116.090382206;41;10.2;0
807;1534;1614;414.90057596;41;10.2;0
808;1614;1581;78.1631775253;41;10.2;0
811;1330;1584;123.856695325;7.5;6.9;0
813;60;137;162.786798655;7.5;6.9;0
814;167;137;169.000509982;7.5;6.9;0
815;70;156;268.686684699;8.5;6.9;0
816;60;45;125.136138926;7.5;6.9;0
818;27;24;234.758196219;7.5;6.9;0
820;76;29;158.142203776;7.5;6.9;0
822;1643;1041;30.4412368183;10;8.3;0
824;1647;666;42.9728797274;7.5;6.9;0
825;1202;1647;24.1075847654;7.5;6.9;0
826;1201;1169;181.694975063;24;8.6;0
827;52;17;153.926688056;7.5;6.9;0
828;100;43;95.9254362519;7.5;6.9;0
830;1659;671;94.1506428808;7.5;6.9;0
831;1661;1363;164.075936945;7.5;6.9;0
832;1564;1661;168.055670056;7.5;6.9;0
833;1049;1666;41.3736045024;7.5;6.9;0
834;1666;1668;24.5401777283;7.5;6.9;0
835;1669;414;67.4965266219;14;7.3;0
836;408;1669;47.6370908735;14;7.3;0
838;1675;1477;36.9482520599;7.5;6.9;0
842;1659;699;141.107708548;13;6.9;0
843;654;1659;42.3915605563;13;6.9;0
844;774;775;43.8022246901;13;6.9;0
845;1689;1555;66.4685405661;7.5;6.9;0
846;1562;1689;54.1077898774;7.5;6.9;0
847;1693;1355;14.1412173178;7.5;6.9;0
848;1357;1693;21.212038421;7.5;6.9;0
849;1062;1011;272.058261734;10;7.3;0
851;10;1702;72.7270685386;7.5;6.9;0
852;1702;1;49.12367343;7.5;6.9;0
853;874;868;36.8173969343;34;8.6;0
855;1709;1330;79.4015586098;7;6.2;0
856;1330;1712;165.394836446;7;6.2;0
859;1360;1718;278.648247862;7.5;6.9;0
861;1269;1722;171.34122357;10;6.5;0
864;1727;1360;245.728681133;7.5;6.9;0
866;523;1732;24.9475801832;7.5;6.9;0
867;1732;1675;16.7587020364;7.5;6.9;0
870;1354;523;28.2824346355;11;5.5;0
871;1741;1742;170.195399405;7.5;6.9;0
873;1742;1746;124.440115226;7.5;6.9;0
874;1746;1269;96.3302812754;7.5;6.9;0
877;1753;24;198.854168252;7.5;6.9;0
879;1153;1758;25.9357604583;7.5;6.9;0
881;1360;1762;97.5576481193;7.5;6.9;0
882;1762;1741;179.2926935;7.5;6.9;0
883;1741;1746;233.341615464;7.5;6.9;0
887;1773;1330;114.787807309;7;6.2;0
